Fertility Dataset
Ant Colony Optimization

number of ants: 50
iterations: 100000

Clusters:

[[0.69, 0.0, 1.0, 1.0, 0.0, 0.8, 0.0, 0.88]]

[[0.56, 1.0, 0.0, 1.0, 0.0, 1.0, -1.0, 0.63], [0.69, 1.0, 0.0, 1.0, 0.0, 0.8, -1.0, 0.25], [0.75, 1.0, 0.0, 1.0, 0.0, 0.8, -1.0, 0.44], [0.64, 1.0, 0.0, 1.0, 0.0, 1.0, -1.0, 0.38], [0.67, 1.0, 0.0, 1.0, 0.0, 0.8, -1.0, 0.19], [0.78, 1.0, 0.0, 1.0, 0.0, 1.0, -1.0, 0.25], [0.69, 1.0, 0.0, 1.0, -1.0, 1.0, -1.0, 0.44], [0.5, 1.0, 0.0, 1.0, -1.0, 0.8, -1.0, 0.5]]

[[0.75, 1.0, 1.0, 1.0, 0.0, 1.0, 1.0, 0.25], [0.5, 1.0, 0.0, 0.0, 1.0, 0.8, -1.0, 0.44], [0.56, 1.0, 0.0, 1.0, 0.0, 1.0, -1.0, 0.63], [0.53, 1.0, 0.0, 0.0, 1.0, 0.8, -1.0, 0.31], [0.67, 1.0, 0.0, 1.0, 0.0, 0.6, -1.0, 0.38]]

[[0.67, 1.0, 1.0, 0.0, 0.0, 0.8, -1.0, 0.25], [0.67, 1.0, 1.0, 0.0, 0.0, 0.8, -1.0, 0.5], [0.75, 1.0, 1.0, 0.0, 0.0, 0.8, -1.0, 0.38]]

[[0.53, 1.0, 1.0, 0.0, 1.0, 1.0, 0.0, 0.31]]

[[0.61, 1.0, 0.0, 1.0, 0.0, 1.0, -1.0, 0.63], [0.61, 1.0, 0.0, 1.0, 0.0, 1.0, -1.0, 0.63]]

[[0.64, 1.0, 0.0, 0.0, 1.0, 1.0, 1.0, 0.25], [0.78, 1.0, 0.0, 0.0, 1.0, 1.0, 1.0, 0.06]]

[[0.56, 1.0, 0.0, 0.0, 1.0, 1.0, -1.0, 0.5], [0.69, 1.0, 0.0, 0.0, 1.0, 1.0, -1.0, 0.31], [0.92, 1.0, 0.0, 0.0, 1.0, 0.6, -1.0, 0.19]]

[[0.5, 1.0, 0.0, 0.0, 1.0, 0.8, 0.0, 0.31], [0.53, 1.0, 0.0, 0.0, 1.0, 1.0, 0.0, 0.44], [0.56, 1.0, 0.0, 0.0, 1.0, 0.6, 0.0, 0.5]]

[[0.53, 1.0, 0.0, 0.0, 1.0, 0.8, -1.0, 0.63]]

[[0.81, 1.0, 1.0, 1.0, 0.0, 1.0, 1.0, 0.38]]

[[0.81, 1.0, 0.0, 0.0, 0.0, 1.0, -1.0, 0.38], [0.67, 1.0, 0.0, 0.0, 0.0, 1.0, -1.0, 0.25], [0.5, 1.0, 0.0, 0.0, 0.0, 1.0, -1.0, 0.5], [0.69, 1.0, 0.0, 0.0, 0.0, 1.0, -1.0, 0.31], [0.61, 1.0, 0.0, 0.0, 0.0, 1.0, -1.0, 0.25]]

[[0.67, 1.0, 0.0, 0.0, 0.0, 1.0, -1.0, 0.5]]

[[0.75, 1.0, 1.0, 1.0, 0.0, 0.6, 1.0, 0.25], [0.53, 1.0, 1.0, 1.0, 0.0, 0.8, 1.0, 0.5], [0.75, 1.0, 1.0, 1.0, 0.0, 0.8, 1.0, 0.25]]

[[0.67, 0.0, 0.0, 1.0, 0.0, 0.6, 0.0, 0.5], [0.67, 0.0, 0.0, 1.0, 0.0, 0.6, 0.0, 0.5]]

[[0.81, 1.0, 1.0, 0.0, 0.0, 1.0, 1.0, 0.5], [0.72, 1.0, 1.0, 0.0, 0.0, 0.6, 1.0, 0.19], [0.56, 1.0, 1.0, 0.0, 0.0, 0.8, 1.0, 0.5]]

[[0.75, 0.0, 1.0, 1.0, 0.0, 1.0, -1.0, 0.38], [0.69, 0.0, 1.0, 1.0, 0.0, 0.6, -1.0, 0.19]]

[[0.75, 1.0, 0.0, 0.0, 0.0, 0.6, 0.0, 0.25], [0.61, 1.0, 0.0, 0.0, 0.0, 0.8, 0.0, 0.5]]

[[0.56, 1.0, 0.0, 0.0, 0.0, 1.0, -1.0, 0.44], [0.56, 1.0, 0.0, 0.0, 0.0, 1.0, -1.0, 0.44]]

[[0.81, 1.0, 1.0, 1.0, 1.0, 0.8, -1.0, 0.38], [0.86, 1.0, 1.0, 1.0, 1.0, 1.0, -1.0, 0.25], [0.72, 1.0, 1.0, 1.0, 1.0, 0.8, -1.0, 0.19]]

[[0.5, 1.0, 1.0, 0.0, -1.0, 0.8, 0.0, 0.88], [0.5, 1.0, 1.0, 0.0, -1.0, 0.8, 0.0, 0.88], [0.67, 1.0, 1.0, 0.0, -1.0, 0.8, 0.0, 0.31]]

[[0.56, 1.0, 1.0, 0.0, 0.0, 0.4, 1.0, 0.63], [0.53, 1.0, 1.0, 0.0, 0.0, 0.8, 0.0, 0.75]]

[[0.5, 1.0, 0.0, 0.0, 1.0, 1.0, -1.0, 0.47]]

[[0.78, 1.0, 0.0, 1.0, 1.0, 1.0, 1.0, 0.25], [0.89, 1.0, 1.0, 0.0, 0.0, 0.6, 1.0, 0.31], [0.94, 1.0, 0.0, 1.0, 0.0, 0.8, 1.0, 0.31], [0.58, 1.0, 0.0, 1.0, 0.0, 0.8, 1.0, 0.19]]

[[0.78, 1.0, 1.0, 0.0, 1.0, 0.6, -1.0, 0.38], [0.78, 1.0, 1.0, 0.0, 1.0, 0.6, -1.0, 0.38], [0.53, 1.0, 1.0, 0.0, 1.0, 0.8, -1.0, 0.38], [0.75, 1.0, 1.0, 1.0, 1.0, 0.8, 1.0, 0.25], [0.81, 1.0, 1.0, 1.0, 1.0, 0.8, 0.0, 0.19], [0.92, 1.0, 1.0, 0.0, 1.0, 1.0, -1.0, 0.63], [0.53, 1.0, 1.0, 0.0, 1.0, 1.0, -1.0, 0.75]]

[[0.64, 0.0, 0.0, 1.0, 0.0, 0.8, -1.0, 0.25], [0.56, 0.0, 0.0, 1.0, 0.0, 1.0, -1.0, 0.56], [0.83, 1.0, 1.0, 1.0, 0.0, 1.0, -1.0, 0.31], [0.58, 1.0, 0.0, 1.0, -1.0, 0.8, 1.0, 0.5], [0.67, 0.0, 0.0, 1.0, 0.0, 0.8, -1.0, 0.25], [0.58, 0.0, 0.0, 1.0, 0.0, 1.0, -1.0, 0.19]]

[[0.67, 1.0, 0.0, 1.0, 0.0, 0.8, 0.0, 0.5], [0.64, 1.0, 0.0, 1.0, 0.0, 1.0, 0.0, 0.19], [0.75, 1.0, 0.0, 1.0, 1.0, 0.6, 0.0, 0.56], [1.0, 1.0, 0.0, 1.0, 1.0, 0.6, 0.0, 0.25]]

[[0.61, 1.0, 1.0, 1.0, 0.0, 0.6, -1.0, 0.38], [0.94, 1.0, 1.0, 1.0, 0.0, 0.2, -1.0, 0.25], [0.64, 1.0, 1.0, 1.0, 0.0, 0.8, -1.0, 0.31], [0.69, 1.0, 1.0, 1.0, -1.0, 1.0, -1.0, 0.75], [0.75, 1.0, 1.0, 1.0, 0.0, 0.6, -1.0, 0.19], [1.0, 1.0, 1.0, 1.0, 0.0, 0.6, -1.0, 0.38]]

[[0.67, 1.0, 1.0, 1.0, 0.0, 1.0, -1.0, 0.31], [0.58, 1.0, 1.0, 1.0, -1.0, 0.8, 0.0, 0.19], [0.56, 1.0, 1.0, 1.0, 0.0, 1.0, -1.0, 0.63], [0.58, 1.0, 1.0, 1.0, 0.0, 0.8, 0.0, 0.44]]

[[0.53, 1.0, 1.0, 0.0, 0.0, 0.8, 0.0, 0.5], [0.56, 0.0, 0.0, 0.0, 1.0, 0.8, 0.0, 1.0], [0.58, 1.0, 0.0, 0.0, 0.0, 0.6, 1.0, 0.5], [0.67, 1.0, 0.0, 0.0, 0.0, 0.8, 1.0, 0.38], [0.78, 1.0, 0.0, 0.0, 0.0, 1.0, 1.0, 0.06]]

[[0.58, 0.0, 0.0, 0.0, 1.0, 0.8, 1.0, 0.44]]

[[0.78, 1.0, 1.0, 1.0, 0.0, 0.6, 0.0, 0.13]]

[[0.67, 0.0, 0.0, 0.0, -1.0, 0.8, -1.0, 0.44]]

[[0.64, 0.0, 0.0, 0.0, 0.0, 1.0, -1.0, 0.63], [0.56, 1.0, 0.0, 0.0, 0.0, 1.0, -1.0, 0.63]]

NumClusters: 34

NumPerCluster: [1, 8, 5, 3, 1, 2, 2, 3, 3, 1, 1, 5, 1, 3, 2, 3, 2, 2, 2, 3, 3, 2, 1, 4, 7, 6, 4, 6, 4, 5, 1, 1, 1, 2]

Cohesion: 13.684651529511072

Seperation:  8511.023979261454