Fertility Dataset
Competitive Learning Neural Network

hidden nodes: 75
iterations: 100000
learning rate: 0.001

Clusters:

[[0.64, 0.0, 0.0, 1.0, 0.0, 0.8, -1.0, 0.25], [0.67, 0.0, 0.0, 1.0, 0.0, 0.8, -1.0, 0.25], [0.58, 0.0, 0.0, 1.0, 0.0, 1.0, -1.0, 0.19], [0.56, 0.0, 0.0, 1.0, 0.0, 1.0, -1.0, 0.56]]

[[0.67, 1.0, 1.0, 0.0, -1.0, 0.8, 0.0, 0.31], [0.78, 1.0, 1.0, 1.0, 0.0, 0.6, 0.0, 0.13], [0.75, 1.0, 1.0, 1.0, 0.0, 0.8, 1.0, 0.25], [0.75, 1.0, 1.0, 1.0, 0.0, 1.0, 1.0, 0.25], [0.53, 1.0, 1.0, 1.0, 0.0, 0.8, 1.0, 0.5], [0.58, 1.0, 1.0, 1.0, -1.0, 0.8, 0.0, 0.19], [0.81, 1.0, 1.0, 1.0, 0.0, 1.0, 1.0, 0.38]]

[[0.64, 0.0, 0.0, 0.0, 0.0, 1.0, -1.0, 0.63]]

[[0.5, 1.0, 0.0, 0.0, 0.0, 1.0, -1.0, 0.5], [0.61, 1.0, 0.0, 0.0, 0.0, 1.0, -1.0, 0.25], [0.81, 1.0, 0.0, 0.0, 0.0, 1.0, -1.0, 0.38], [0.67, 1.0, 0.0, 0.0, 0.0, 1.0, -1.0, 0.25], [0.56, 1.0, 0.0, 0.0, 0.0, 1.0, -1.0, 0.44], [0.69, 1.0, 0.0, 0.0, 0.0, 1.0, -1.0, 0.31], [0.56, 1.0, 0.0, 0.0, 0.0, 1.0, -1.0, 0.44], [0.56, 1.0, 0.0, 0.0, 0.0, 1.0, -1.0, 0.63], [0.67, 1.0, 0.0, 0.0, 0.0, 1.0, -1.0, 0.5]]

[[0.53, 1.0, 0.0, 0.0, 1.0, 1.0, 0.0, 0.44], [0.56, 0.0, 0.0, 0.0, 1.0, 0.8, 0.0, 1.0], [0.53, 1.0, 0.0, 0.0, 1.0, 0.8, -1.0, 0.31], [0.5, 1.0, 0.0, 0.0, 1.0, 0.8, 0.0, 0.31], [0.56, 1.0, 0.0, 0.0, 1.0, 0.6, 0.0, 0.5], [0.5, 1.0, 0.0, 0.0, 1.0, 0.8, -1.0, 0.44], [0.92, 1.0, 0.0, 0.0, 1.0, 0.6, -1.0, 0.19]]

[[0.67, 1.0, 1.0, 0.0, 0.0, 0.8, -1.0, 0.5], [1.0, 1.0, 1.0, 1.0, 0.0, 0.6, -1.0, 0.38], [0.94, 1.0, 1.0, 1.0, 0.0, 0.2, -1.0, 0.25], [0.75, 1.0, 1.0, 1.0, 0.0, 0.6, -1.0, 0.19], [0.61, 1.0, 1.0, 1.0, 0.0, 0.6, -1.0, 0.38], [0.75, 1.0, 1.0, 0.0, 0.0, 0.8, -1.0, 0.38], [0.69, 0.0, 1.0, 1.0, 0.0, 0.6, -1.0, 0.19]]

[[0.67, 1.0, 0.0, 1.0, 0.0, 0.8, 0.0, 0.5]]

[[0.94, 1.0, 0.0, 1.0, 0.0, 0.8, 1.0, 0.31], [0.75, 1.0, 0.0, 0.0, 0.0, 0.6, 0.0, 0.25], [0.67, 0.0, 0.0, 1.0, 0.0, 0.6, 0.0, 0.5], [0.67, 0.0, 0.0, 1.0, 0.0, 0.6, 0.0, 0.5], [0.58, 1.0, 0.0, 1.0, -1.0, 0.8, 1.0, 0.5], [0.58, 1.0, 0.0, 1.0, 0.0, 0.8, 1.0, 0.19], [0.75, 1.0, 1.0, 1.0, 0.0, 0.6, 1.0, 0.25], [0.75, 1.0, 1.0, 1.0, 1.0, 0.8, 1.0, 0.25]]

[[0.67, 1.0, 0.0, 0.0, 0.0, 0.8, 1.0, 0.38], [0.78, 1.0, 0.0, 0.0, 0.0, 1.0, 1.0, 0.06], [0.58, 1.0, 0.0, 0.0, 0.0, 0.6, 1.0, 0.5], [0.61, 1.0, 0.0, 0.0, 0.0, 0.8, 0.0, 0.5]]

[[0.67, 0.0, 0.0, 0.0, -1.0, 0.8, -1.0, 0.44]]

[[0.64, 1.0, 0.0, 1.0, 0.0, 1.0, -1.0, 0.38], [0.69, 1.0, 0.0, 1.0, 0.0, 0.8, -1.0, 0.25], [0.67, 1.0, 0.0, 1.0, 0.0, 0.6, -1.0, 0.38], [0.78, 1.0, 0.0, 1.0, 0.0, 1.0, -1.0, 0.25], [0.67, 1.0, 0.0, 1.0, 0.0, 0.8, -1.0, 0.19], [0.75, 1.0, 0.0, 1.0, 0.0, 0.8, -1.0, 0.44], [0.64, 1.0, 0.0, 1.0, 0.0, 1.0, 0.0, 0.19]]

[[0.56, 1.0, 0.0, 1.0, 0.0, 1.0, -1.0, 0.63], [0.61, 1.0, 0.0, 1.0, 0.0, 1.0, -1.0, 0.63], [0.56, 1.0, 0.0, 1.0, 0.0, 1.0, -1.0, 0.63], [0.61, 1.0, 0.0, 1.0, 0.0, 1.0, -1.0, 0.63]]

[[0.81, 1.0, 1.0, 0.0, 0.0, 1.0, 1.0, 0.5], [0.56, 1.0, 1.0, 0.0, 0.0, 0.8, 1.0, 0.5], [0.72, 1.0, 1.0, 0.0, 0.0, 0.6, 1.0, 0.19], [0.53, 1.0, 1.0, 0.0, 0.0, 0.8, 0.0, 0.5], [0.56, 1.0, 1.0, 0.0, 0.0, 0.4, 1.0, 0.63], [0.89, 1.0, 1.0, 0.0, 0.0, 0.6, 1.0, 0.31]]

[[0.69, 0.0, 1.0, 1.0, 0.0, 0.8, 0.0, 0.88], [0.69, 1.0, 0.0, 1.0, -1.0, 1.0, -1.0, 0.44], [0.58, 1.0, 1.0, 1.0, 0.0, 0.8, 0.0, 0.44], [0.56, 1.0, 1.0, 1.0, 0.0, 1.0, -1.0, 0.63], [0.69, 1.0, 1.0, 1.0, -1.0, 1.0, -1.0, 0.75], [0.5, 1.0, 0.0, 1.0, -1.0, 0.8, -1.0, 0.5]]

[[0.53, 1.0, 1.0, 0.0, 0.0, 0.8, 0.0, 0.75], [0.5, 1.0, 1.0, 0.0, -1.0, 0.8, 0.0, 0.88], [0.5, 1.0, 1.0, 0.0, -1.0, 0.8, 0.0, 0.88]]

[[0.72, 1.0, 1.0, 1.0, 1.0, 0.8, -1.0, 0.19], [0.81, 1.0, 1.0, 1.0, 1.0, 0.8, 0.0, 0.19], [0.86, 1.0, 1.0, 1.0, 1.0, 1.0, -1.0, 0.25], [0.81, 1.0, 1.0, 1.0, 1.0, 0.8, -1.0, 0.38]]

[[0.78, 1.0, 1.0, 0.0, 1.0, 0.6, -1.0, 0.38], [0.78, 1.0, 1.0, 0.0, 1.0, 0.6, -1.0, 0.38], [0.53, 1.0, 1.0, 0.0, 1.0, 1.0, 0.0, 0.31], [0.53, 1.0, 1.0, 0.0, 1.0, 1.0, -1.0, 0.75], [0.53, 1.0, 1.0, 0.0, 1.0, 0.8, -1.0, 0.38], [0.92, 1.0, 1.0, 0.0, 1.0, 1.0, -1.0, 0.63]]

[[0.58, 0.0, 0.0, 0.0, 1.0, 0.8, 1.0, 0.44], [0.64, 1.0, 0.0, 0.0, 1.0, 1.0, 1.0, 0.25], [0.78, 1.0, 0.0, 1.0, 1.0, 1.0, 1.0, 0.25], [0.75, 1.0, 0.0, 1.0, 1.0, 0.6, 0.0, 0.56], [1.0, 1.0, 0.0, 1.0, 1.0, 0.6, 0.0, 0.25], [0.78, 1.0, 0.0, 0.0, 1.0, 1.0, 1.0, 0.06]]

[[0.75, 0.0, 1.0, 1.0, 0.0, 1.0, -1.0, 0.38], [0.67, 1.0, 1.0, 0.0, 0.0, 0.8, -1.0, 0.25], [0.64, 1.0, 1.0, 1.0, 0.0, 0.8, -1.0, 0.31], [0.83, 1.0, 1.0, 1.0, 0.0, 1.0, -1.0, 0.31], [0.67, 1.0, 1.0, 1.0, 0.0, 1.0, -1.0, 0.31]]

[[0.56, 1.0, 0.0, 0.0, 1.0, 1.0, -1.0, 0.5], [0.5, 1.0, 0.0, 0.0, 1.0, 1.0, -1.0, 0.47], [0.69, 1.0, 0.0, 0.0, 1.0, 1.0, -1.0, 0.31], [0.53, 1.0, 0.0, 0.0, 1.0, 0.8, -1.0, 0.63]]

NumClusters: 20

NumPerCluster: [4, 7, 1, 9, 7, 7, 1, 8, 4, 1, 7, 4, 6, 6, 3, 4, 6, 6, 5, 4]

Cohesion: 12.710631650622025

Seperation:  8443.705510868285