Contraceptive Method Choice Dataset
DB-Scan

Min Points: 73
iterations: 1273
Threshold: 0.1

NumClusters: 511

NumPerCluster: [134, 128, 116, 155, 106, 134, 162, 162, 160, 78, 155, 79, 111, 119, 152, 77, 134, 216, 216, 140, 155, 74, 155, 155, 102, 82, 135, 140, 140, 111, 155, 178, 112, 73, 191, 98, 216, 112, 106, 193, 207, 131, 98, 115, 87, 155, 78, 161, 86, 177, 89, 104, 74, 82, 155, 161, 76, 101, 119, 178, 134, 162, 116, 216, 134, 111, 78, 73, 216, 97, 193, 85, 161, 96, 140, 216, 155, 155, 127, 128, 108, 110, 112, 77, 84, 96, 77, 79, 74, 116, 138, 101, 106, 139, 152, 177, 162, 87, 104, 161, 177, 104, 216, 112, 161, 97, 108, 77, 82, 166, 177, 112, 191, 92, 115, 90, 155, 207, 191, 191, 161, 133, 216, 191, 191, 130, 216, 82, 84, 191, 155, 139, 123, 114, 191, 102, 207, 130, 191, 106, 79, 127, 116, 161, 216, 177, 138, 177, 105, 96, 91, 89, 90, 116, 75, 74, 116, 82, 191, 112, 155, 100, 161, 134, 111, 133, 123, 162, 153, 140, 104, 124, 134, 155, 135, 116, 178, 155, 153, 191, 155, 110, 106, 158, 116, 161, 106, 191, 102, 77, 134, 162, 106, 79, 124, 161, 95, 161, 134, 81, 161, 130, 106, 161, 191, 155, 153, 133, 134, 177, 93, 110, 112, 191, 207, 155, 104, 82, 106, 152, 161, 116, 112, 93, 90, 130, 101, 83, 140, 139, 80, 216, 78, 191, 74, 112, 74, 191, 155, 106, 155, 161, 104, 139, 191, 140, 101, 123, 78, 112, 116, 119, 83, 134, 110, 216, 193, 80, 161, 111, 108, 140, 101, 108, 90, 80, 116, 191, 96, 178, 100, 80, 153, 153, 178, 193, 161, 161, 108, 216, 216, 102, 193, 177, 83, 101, 135, 128, 112, 90, 191, 127, 158, 135, 93, 85, 131, 111, 97, 82, 114, 135, 111, 75, 90, 82, 153, 106, 110, 87, 77, 112, 85, 98, 79, 177, 106, 112, 98, 95, 216, 85, 91, 177, 106, 77, 77, 129, 130, 114, 111, 95, 153, 83, 133, 153, 87, 110, 155, 207, 216, 191, 96, 143, 191, 77, 134, 207, 153, 84, 155, 152, 155, 135, 90, 134, 140, 162, 158, 130, 191, 216, 82, 155, 112, 90, 134, 112, 166, 134, 134, 106, 177, 135, 77, 143, 112, 191, 80, 191, 112, 112, 77, 90, 140, 106, 153, 178, 91, 116, 191, 134, 155, 135, 161, 79, 116, 111, 124, 178, 78, 155, 155, 162, 191, 74, 191, 74, 140, 152, 140, 153, 161, 79, 191, 86, 164, 162, 166, 108, 191, 135, 95, 155, 158, 80, 162, 99, 152, 105, 104, 134, 116, 98, 191, 161, 96, 102, 101, 104, 111, 152, 134, 104, 91, 207, 153, 162, 77, 155, 79, 134, 106, 178, 155, 166, 105, 85, 85, 130, 191, 153, 112, 85, 79, 77, 79, 111, 83, 123, 111, 160, 127, 216, 155, 77, 111, 89, 158, 139, 79, 150, 111, 177, 116, 75, 191, 158, 75, 162, 133, 85, 74, 114, 135, 193, 74, 111, 160, 114, 90, 162, 81, 140, 155, 134, 110, 77, 81, 139, 87]

Cohesion: 812.8712615930251

Seperation:  8154131770.934453

