Fertility Dataset
DB-Scan

Min Points: 2
Threshold: 0.07
iterations: 100

Clusters:

[[0.5, 1.0, 0.0, 0.0, 0.0, 1.0, -1.0, 0.5], [0.56, 1.0, 0.0, 0.0, 0.0, 1.0, -1.0, 0.44], [0.56, 1.0, 0.0, 0.0, 0.0, 1.0, -1.0, 0.44], [0.56, 1.0, 0.0, 0.0, 0.0, 1.0, -1.0, 0.63], [0.67, 1.0, 0.0, 0.0, 0.0, 1.0, -1.0, 0.5]]

[[0.67, 1.0, 1.0, 0.0, 0.0, 0.8, -1.0, 0.5], [0.75, 1.0, 1.0, 0.0, 0.0, 0.8, -1.0, 0.38]]

[[0.64, 0.0, 0.0, 1.0, 0.0, 0.8, -1.0, 0.25], [0.67, 0.0, 0.0, 1.0, 0.0, 0.8, -1.0, 0.25], [0.58, 0.0, 0.0, 1.0, 0.0, 1.0, -1.0, 0.19]]

[[0.61, 1.0, 0.0, 0.0, 0.0, 1.0, -1.0, 0.25], [0.67, 1.0, 0.0, 0.0, 0.0, 1.0, -1.0, 0.25], [0.56, 1.0, 0.0, 0.0, 0.0, 1.0, -1.0, 0.44], [0.69, 1.0, 0.0, 0.0, 0.0, 1.0, -1.0, 0.31], [0.56, 1.0, 0.0, 0.0, 0.0, 1.0, -1.0, 0.44]]

[[0.75, 1.0, 1.0, 1.0, 0.0, 0.8, 1.0, 0.25], [0.75, 1.0, 1.0, 1.0, 0.0, 1.0, 1.0, 0.25], [0.75, 1.0, 1.0, 1.0, 0.0, 0.6, 1.0, 0.25]]

[[0.81, 1.0, 0.0, 0.0, 0.0, 1.0, -1.0, 0.38], [0.67, 1.0, 0.0, 0.0, 0.0, 1.0, -1.0, 0.25], [0.69, 1.0, 0.0, 0.0, 0.0, 1.0, -1.0, 0.31], [0.67, 1.0, 0.0, 0.0, 0.0, 1.0, -1.0, 0.5]]

[[0.64, 1.0, 0.0, 1.0, 0.0, 1.0, -1.0, 0.38], [0.78, 1.0, 0.0, 1.0, 0.0, 1.0, -1.0, 0.25]]

[[0.69, 1.0, 0.0, 1.0, 0.0, 0.8, -1.0, 0.25], [0.78, 1.0, 0.0, 1.0, 0.0, 1.0, -1.0, 0.25], [0.67, 1.0, 0.0, 1.0, 0.0, 0.8, -1.0, 0.19], [0.75, 1.0, 0.0, 1.0, 0.0, 0.8, -1.0, 0.44]]

[[0.75, 1.0, 1.0, 1.0, 0.0, 0.8, 1.0, 0.25], [0.75, 1.0, 1.0, 1.0, 0.0, 1.0, 1.0, 0.25], [0.81, 1.0, 1.0, 1.0, 0.0, 1.0, 1.0, 0.38]]

[[0.64, 0.0, 0.0, 1.0, 0.0, 0.8, -1.0, 0.25], [0.67, 0.0, 0.0, 1.0, 0.0, 0.8, -1.0, 0.25], [0.58, 0.0, 0.0, 1.0, 0.0, 1.0, -1.0, 0.19]]

[[0.67, 1.0, 1.0, 0.0, 0.0, 0.8, -1.0, 0.25], [0.75, 1.0, 1.0, 0.0, 0.0, 0.8, -1.0, 0.38]]

[[0.56, 1.0, 0.0, 1.0, 0.0, 1.0, -1.0, 0.63], [0.61, 1.0, 0.0, 1.0, 0.0, 1.0, -1.0, 0.63], [0.56, 1.0, 0.0, 1.0, 0.0, 1.0, -1.0, 0.63], [0.61, 1.0, 0.0, 1.0, 0.0, 1.0, -1.0, 0.63]]

[[0.61, 1.0, 0.0, 0.0, 0.0, 1.0, -1.0, 0.25], [0.81, 1.0, 0.0, 0.0, 0.0, 1.0, -1.0, 0.38], [0.67, 1.0, 0.0, 0.0, 0.0, 1.0, -1.0, 0.25], [0.56, 1.0, 0.0, 0.0, 0.0, 1.0, -1.0, 0.44], [0.69, 1.0, 0.0, 0.0, 0.0, 1.0, -1.0, 0.31], [0.56, 1.0, 0.0, 0.0, 0.0, 1.0, -1.0, 0.44]]

[[0.67, 1.0, 0.0, 1.0, 0.0, 0.6, -1.0, 0.38], [0.75, 1.0, 0.0, 1.0, 0.0, 0.8, -1.0, 0.44]]

[[0.78, 1.0, 1.0, 0.0, 1.0, 0.6, -1.0, 0.38], [0.78, 1.0, 1.0, 0.0, 1.0, 0.6, -1.0, 0.38]]

[[0.64, 0.0, 0.0, 1.0, 0.0, 0.8, -1.0, 0.25], [0.67, 0.0, 0.0, 1.0, 0.0, 0.8, -1.0, 0.25], [0.58, 0.0, 0.0, 1.0, 0.0, 1.0, -1.0, 0.19]]

[[0.67, 0.0, 0.0, 1.0, 0.0, 0.6, 0.0, 0.5], [0.67, 0.0, 0.0, 1.0, 0.0, 0.6, 0.0, 0.5]]

[[0.56, 1.0, 0.0, 1.0, 0.0, 1.0, -1.0, 0.63], [0.61, 1.0, 0.0, 1.0, 0.0, 1.0, -1.0, 0.63], [0.56, 1.0, 0.0, 1.0, 0.0, 1.0, -1.0, 0.63], [0.61, 1.0, 0.0, 1.0, 0.0, 1.0, -1.0, 0.63]]

[[0.5, 1.0, 0.0, 0.0, 0.0, 1.0, -1.0, 0.5], [0.61, 1.0, 0.0, 0.0, 0.0, 1.0, -1.0, 0.25], [0.67, 1.0, 0.0, 0.0, 0.0, 1.0, -1.0, 0.25], [0.56, 1.0, 0.0, 0.0, 0.0, 1.0, -1.0, 0.44], [0.69, 1.0, 0.0, 0.0, 0.0, 1.0, -1.0, 0.31], [0.56, 1.0, 0.0, 0.0, 0.0, 1.0, -1.0, 0.44], [0.56, 1.0, 0.0, 0.0, 0.0, 1.0, -1.0, 0.63], [0.67, 1.0, 0.0, 0.0, 0.0, 1.0, -1.0, 0.5]]

[[0.78, 1.0, 1.0, 0.0, 1.0, 0.6, -1.0, 0.38], [0.78, 1.0, 1.0, 0.0, 1.0, 0.6, -1.0, 0.38]]

[[0.64, 1.0, 0.0, 1.0, 0.0, 1.0, -1.0, 0.38], [0.69, 1.0, 0.0, 1.0, 0.0, 0.8, -1.0, 0.25], [0.78, 1.0, 0.0, 1.0, 0.0, 1.0, -1.0, 0.25]]

[[0.56, 1.0, 0.0, 1.0, 0.0, 1.0, -1.0, 0.63], [0.61, 1.0, 0.0, 1.0, 0.0, 1.0, -1.0, 0.63], [0.56, 1.0, 0.0, 1.0, 0.0, 1.0, -1.0, 0.63], [0.61, 1.0, 0.0, 1.0, 0.0, 1.0, -1.0, 0.63]]

[[0.67, 0.0, 0.0, 1.0, 0.0, 0.6, 0.0, 0.5], [0.67, 0.0, 0.0, 1.0, 0.0, 0.6, 0.0, 0.5]]

[[0.61, 1.0, 0.0, 0.0, 0.0, 1.0, -1.0, 0.25], [0.81, 1.0, 0.0, 0.0, 0.0, 1.0, -1.0, 0.38], [0.67, 1.0, 0.0, 0.0, 0.0, 1.0, -1.0, 0.25], [0.56, 1.0, 0.0, 0.0, 0.0, 1.0, -1.0, 0.44], [0.69, 1.0, 0.0, 0.0, 0.0, 1.0, -1.0, 0.31], [0.56, 1.0, 0.0, 0.0, 0.0, 1.0, -1.0, 0.44], [0.67, 1.0, 0.0, 0.0, 0.0, 1.0, -1.0, 0.5]]

[[0.5, 1.0, 0.0, 0.0, 0.0, 1.0, -1.0, 0.5], [0.61, 1.0, 0.0, 0.0, 0.0, 1.0, -1.0, 0.25], [0.67, 1.0, 0.0, 0.0, 0.0, 1.0, -1.0, 0.25], [0.56, 1.0, 0.0, 0.0, 0.0, 1.0, -1.0, 0.44], [0.69, 1.0, 0.0, 0.0, 0.0, 1.0, -1.0, 0.31], [0.56, 1.0, 0.0, 0.0, 0.0, 1.0, -1.0, 0.44], [0.56, 1.0, 0.0, 0.0, 0.0, 1.0, -1.0, 0.63], [0.67, 1.0, 0.0, 0.0, 0.0, 1.0, -1.0, 0.5]]

[[0.5, 1.0, 0.0, 0.0, 0.0, 1.0, -1.0, 0.5], [0.56, 1.0, 0.0, 0.0, 0.0, 1.0, -1.0, 0.44], [0.56, 1.0, 0.0, 0.0, 0.0, 1.0, -1.0, 0.44], [0.56, 1.0, 0.0, 0.0, 0.0, 1.0, -1.0, 0.63], [0.67, 1.0, 0.0, 0.0, 0.0, 1.0, -1.0, 0.5]]

[[0.72, 1.0, 1.0, 0.0, 0.0, 0.6, 1.0, 0.19], [0.89, 1.0, 1.0, 0.0, 0.0, 0.6, 1.0, 0.31]]

[[0.64, 1.0, 1.0, 1.0, 0.0, 0.8, -1.0, 0.31], [0.61, 1.0, 1.0, 1.0, 0.0, 0.6, -1.0, 0.38], [0.67, 1.0, 1.0, 1.0, 0.0, 1.0, -1.0, 0.31]]

[[0.69, 1.0, 0.0, 1.0, 0.0, 0.8, -1.0, 0.25], [0.67, 1.0, 0.0, 1.0, 0.0, 0.8, -1.0, 0.19]]

[[0.56, 1.0, 0.0, 1.0, 0.0, 1.0, -1.0, 0.63], [0.61, 1.0, 0.0, 1.0, 0.0, 1.0, -1.0, 0.63], [0.56, 1.0, 0.0, 1.0, 0.0, 1.0, -1.0, 0.63], [0.61, 1.0, 0.0, 1.0, 0.0, 1.0, -1.0, 0.63]]

[[0.64, 1.0, 1.0, 1.0, 0.0, 0.8, -1.0, 0.31], [0.61, 1.0, 1.0, 1.0, 0.0, 0.6, -1.0, 0.38]]

[[0.56, 1.0, 0.0, 0.0, 1.0, 1.0, -1.0, 0.5], [0.5, 1.0, 0.0, 0.0, 1.0, 1.0, -1.0, 0.47], [0.69, 1.0, 0.0, 0.0, 1.0, 1.0, -1.0, 0.31], [0.5, 1.0, 0.0, 0.0, 1.0, 0.8, -1.0, 0.44]]

[[0.53, 1.0, 0.0, 0.0, 1.0, 0.8, -1.0, 0.31], [0.5, 1.0, 0.0, 0.0, 1.0, 0.8, -1.0, 0.44]]

[[0.5, 1.0, 1.0, 0.0, -1.0, 0.8, 0.0, 0.88], [0.5, 1.0, 1.0, 0.0, -1.0, 0.8, 0.0, 0.88]]

[[0.56, 1.0, 0.0, 0.0, 1.0, 1.0, -1.0, 0.5], [0.5, 1.0, 0.0, 0.0, 1.0, 1.0, -1.0, 0.47], [0.5, 1.0, 0.0, 0.0, 1.0, 0.8, -1.0, 0.44]]

[[0.5, 1.0, 1.0, 0.0, -1.0, 0.8, 0.0, 0.88], [0.5, 1.0, 1.0, 0.0, -1.0, 0.8, 0.0, 0.88]]

[[0.56, 1.0, 0.0, 0.0, 1.0, 1.0, -1.0, 0.5], [0.69, 1.0, 0.0, 0.0, 1.0, 1.0, -1.0, 0.31]]

[[0.56, 1.0, 0.0, 0.0, 1.0, 1.0, -1.0, 0.5], [0.53, 1.0, 0.0, 0.0, 1.0, 0.8, -1.0, 0.31], [0.5, 1.0, 0.0, 0.0, 1.0, 1.0, -1.0, 0.47], [0.5, 1.0, 0.0, 0.0, 1.0, 0.8, -1.0, 0.44], [0.53, 1.0, 0.0, 0.0, 1.0, 0.8, -1.0, 0.63]]

[[0.5, 1.0, 0.0, 0.0, 1.0, 0.8, -1.0, 0.44], [0.53, 1.0, 0.0, 0.0, 1.0, 0.8, -1.0, 0.63]]

[[0.72, 1.0, 1.0, 1.0, 1.0, 0.8, -1.0, 0.19], [0.81, 1.0, 1.0, 1.0, 1.0, 0.8, -1.0, 0.38]]

[[0.72, 1.0, 1.0, 0.0, 0.0, 0.6, 1.0, 0.19], [0.89, 1.0, 1.0, 0.0, 0.0, 0.6, 1.0, 0.31]]

[[0.75, 1.0, 1.0, 1.0, 0.0, 0.8, 1.0, 0.25], [0.75, 1.0, 1.0, 1.0, 0.0, 0.6, 1.0, 0.25]]

[[0.83, 1.0, 1.0, 1.0, 0.0, 1.0, -1.0, 0.31], [0.67, 1.0, 1.0, 1.0, 0.0, 1.0, -1.0, 0.31]]

[[0.75, 1.0, 1.0, 1.0, 0.0, 1.0, 1.0, 0.25], [0.81, 1.0, 1.0, 1.0, 0.0, 1.0, 1.0, 0.38]]

[[0.72, 1.0, 1.0, 1.0, 1.0, 0.8, -1.0, 0.19], [0.81, 1.0, 1.0, 1.0, 1.0, 0.8, -1.0, 0.38]]

[[0.67, 1.0, 1.0, 0.0, 0.0, 0.8, -1.0, 0.5], [0.67, 1.0, 1.0, 0.0, 0.0, 0.8, -1.0, 0.25], [0.75, 1.0, 1.0, 0.0, 0.0, 0.8, -1.0, 0.38]]

[[0.69, 1.0, 0.0, 1.0, 0.0, 0.8, -1.0, 0.25], [0.67, 1.0, 0.0, 1.0, 0.0, 0.6, -1.0, 0.38], [0.75, 1.0, 0.0, 1.0, 0.0, 0.8, -1.0, 0.44]]

[[0.5, 1.0, 0.0, 0.0, 0.0, 1.0, -1.0, 0.5], [0.81, 1.0, 0.0, 0.0, 0.0, 1.0, -1.0, 0.38], [0.56, 1.0, 0.0, 0.0, 0.0, 1.0, -1.0, 0.44], [0.69, 1.0, 0.0, 0.0, 0.0, 1.0, -1.0, 0.31], [0.56, 1.0, 0.0, 0.0, 0.0, 1.0, -1.0, 0.44], [0.56, 1.0, 0.0, 0.0, 0.0, 1.0, -1.0, 0.63], [0.67, 1.0, 0.0, 0.0, 0.0, 1.0, -1.0, 0.5]]

[[0.64, 1.0, 1.0, 1.0, 0.0, 0.8, -1.0, 0.31], [0.83, 1.0, 1.0, 1.0, 0.0, 1.0, -1.0, 0.31], [0.67, 1.0, 1.0, 1.0, 0.0, 1.0, -1.0, 0.31]]

NumClusters: 49

NumPerCluster: [5, 2, 3, 5, 3, 4, 2, 4, 3, 3, 2, 4, 6, 2, 2, 3, 2, 4, 8, 2, 3, 4, 2, 7, 8, 5, 2, 3, 2, 4, 2, 4, 2, 2, 3, 2, 2, 5, 2, 2, 2, 2, 2, 2, 2, 3, 3, 7, 3]

Cohesion: 6.802995747265782

Seperation:  18222.833951909142
