Fertility Dataset
K-Means Clustering
Iteration 0
Iteration 1
Iteration 2
Iteration 3
K: 23

Clusters:

[[0.94, 1.0, 0.0, 1.0, 0.0, 0.8, 1.0, 0.31], [0.58, 1.0, 0.0, 1.0, -1.0, 0.8, 1.0, 0.5], [0.58, 1.0, 0.0, 1.0, 0.0, 0.8, 1.0, 0.19]]

[[0.75, 1.0, 1.0, 1.0, 0.0, 0.8, 1.0, 0.25], [0.75, 1.0, 1.0, 1.0, 0.0, 1.0, 1.0, 0.25], [0.53, 1.0, 1.0, 1.0, 0.0, 0.8, 1.0, 0.5], [0.75, 1.0, 1.0, 1.0, 0.0, 0.6, 1.0, 0.25], [0.81, 1.0, 1.0, 1.0, 0.0, 1.0, 1.0, 0.38]]

[[0.78, 1.0, 0.0, 1.0, 1.0, 1.0, 1.0, 0.25]]

[[0.72, 1.0, 1.0, 1.0, 1.0, 0.8, -1.0, 0.19], [0.86, 1.0, 1.0, 1.0, 1.0, 1.0, -1.0, 0.25], [0.81, 1.0, 1.0, 1.0, 1.0, 0.8, -1.0, 0.38]]

[[0.53, 1.0, 1.0, 0.0, 1.0, 1.0, 0.0, 0.31], [0.81, 1.0, 1.0, 1.0, 1.0, 0.8, 0.0, 0.19], [0.75, 1.0, 1.0, 1.0, 1.0, 0.8, 1.0, 0.25]]

[[0.67, 1.0, 1.0, 0.0, 0.0, 0.8, -1.0, 0.5], [0.67, 1.0, 1.0, 0.0, 0.0, 0.8, -1.0, 0.25], [0.75, 1.0, 1.0, 0.0, 0.0, 0.8, -1.0, 0.38]]

[[0.69, 1.0, 0.0, 1.0, -1.0, 1.0, -1.0, 0.44], [0.5, 1.0, 0.0, 1.0, -1.0, 0.8, -1.0, 0.5]]

[[0.67, 1.0, 0.0, 0.0, 0.0, 0.8, 1.0, 0.38], [0.58, 0.0, 0.0, 0.0, 1.0, 0.8, 1.0, 0.44], [0.64, 1.0, 0.0, 0.0, 1.0, 1.0, 1.0, 0.25], [0.78, 1.0, 0.0, 0.0, 1.0, 1.0, 1.0, 0.06], [0.78, 1.0, 0.0, 0.0, 0.0, 1.0, 1.0, 0.06], [0.58, 1.0, 0.0, 0.0, 0.0, 0.6, 1.0, 0.5]]

[[0.64, 0.0, 0.0, 1.0, 0.0, 0.8, -1.0, 0.25], [0.67, 0.0, 0.0, 1.0, 0.0, 0.8, -1.0, 0.25], [0.58, 0.0, 0.0, 1.0, 0.0, 1.0, -1.0, 0.19], [0.56, 0.0, 0.0, 1.0, 0.0, 1.0, -1.0, 0.56]]

[[0.75, 1.0, 0.0, 1.0, 1.0, 0.6, 0.0, 0.56], [1.0, 1.0, 0.0, 1.0, 1.0, 0.6, 0.0, 0.25]]

[[0.81, 1.0, 1.0, 0.0, 0.0, 1.0, 1.0, 0.5], [0.56, 1.0, 1.0, 0.0, 0.0, 0.8, 1.0, 0.5], [0.72, 1.0, 1.0, 0.0, 0.0, 0.6, 1.0, 0.19], [0.56, 1.0, 1.0, 0.0, 0.0, 0.4, 1.0, 0.63], [0.89, 1.0, 1.0, 0.0, 0.0, 0.6, 1.0, 0.31]]

[[0.67, 1.0, 0.0, 1.0, 0.0, 0.8, 0.0, 0.5], [0.75, 1.0, 0.0, 0.0, 0.0, 0.6, 0.0, 0.25], [0.67, 0.0, 0.0, 1.0, 0.0, 0.6, 0.0, 0.5], [0.67, 0.0, 0.0, 1.0, 0.0, 0.6, 0.0, 0.5], [0.61, 1.0, 0.0, 0.0, 0.0, 0.8, 0.0, 0.5], [0.64, 1.0, 0.0, 1.0, 0.0, 1.0, 0.0, 0.19]]

[[0.78, 1.0, 1.0, 0.0, 1.0, 0.6, -1.0, 0.38], [0.78, 1.0, 1.0, 0.0, 1.0, 0.6, -1.0, 0.38], [0.53, 1.0, 1.0, 0.0, 1.0, 1.0, -1.0, 0.75], [0.53, 1.0, 1.0, 0.0, 1.0, 0.8, -1.0, 0.38], [0.92, 1.0, 1.0, 0.0, 1.0, 1.0, -1.0, 0.63]]

[[0.56, 0.0, 0.0, 0.0, 1.0, 0.8, 0.0, 1.0]]

[[1.0, 1.0, 1.0, 1.0, 0.0, 0.6, -1.0, 0.38], [0.75, 1.0, 1.0, 1.0, 0.0, 0.6, -1.0, 0.19], [0.61, 1.0, 1.0, 1.0, 0.0, 0.6, -1.0, 0.38], [0.69, 0.0, 1.0, 1.0, 0.0, 0.6, -1.0, 0.19]]

[[0.64, 1.0, 0.0, 1.0, 0.0, 1.0, -1.0, 0.38], [0.56, 1.0, 0.0, 1.0, 0.0, 1.0, -1.0, 0.63], [0.61, 1.0, 0.0, 1.0, 0.0, 1.0, -1.0, 0.63], [0.56, 1.0, 0.0, 1.0, 0.0, 1.0, -1.0, 0.63], [0.61, 1.0, 0.0, 1.0, 0.0, 1.0, -1.0, 0.63]]

[[0.75, 0.0, 1.0, 1.0, 0.0, 1.0, -1.0, 0.38], [0.56, 1.0, 1.0, 1.0, 0.0, 1.0, -1.0, 0.63], [0.64, 1.0, 1.0, 1.0, 0.0, 0.8, -1.0, 0.31], [0.69, 1.0, 1.0, 1.0, -1.0, 1.0, -1.0, 0.75], [0.83, 1.0, 1.0, 1.0, 0.0, 1.0, -1.0, 0.31], [0.67, 1.0, 1.0, 1.0, 0.0, 1.0, -1.0, 0.31]]

[[0.69, 0.0, 1.0, 1.0, 0.0, 0.8, 0.0, 0.88], [0.78, 1.0, 1.0, 1.0, 0.0, 0.6, 0.0, 0.13], [0.58, 1.0, 1.0, 1.0, 0.0, 0.8, 0.0, 0.44], [0.58, 1.0, 1.0, 1.0, -1.0, 0.8, 0.0, 0.19]]

[[0.94, 1.0, 1.0, 1.0, 0.0, 0.2, -1.0, 0.25]]

[[0.53, 1.0, 0.0, 0.0, 1.0, 1.0, 0.0, 0.44], [0.56, 1.0, 0.0, 0.0, 1.0, 1.0, -1.0, 0.5], [0.53, 1.0, 0.0, 0.0, 1.0, 0.8, -1.0, 0.31], [0.5, 1.0, 0.0, 0.0, 1.0, 1.0, -1.0, 0.47], [0.5, 1.0, 0.0, 0.0, 1.0, 0.8, 0.0, 0.31], [0.69, 1.0, 0.0, 0.0, 1.0, 1.0, -1.0, 0.31], [0.56, 1.0, 0.0, 0.0, 1.0, 0.6, 0.0, 0.5], [0.5, 1.0, 0.0, 0.0, 1.0, 0.8, -1.0, 0.44], [0.53, 1.0, 0.0, 0.0, 1.0, 0.8, -1.0, 0.63], [0.92, 1.0, 0.0, 0.0, 1.0, 0.6, -1.0, 0.19]]

[[0.67, 1.0, 1.0, 0.0, -1.0, 0.8, 0.0, 0.31], [0.53, 1.0, 1.0, 0.0, 0.0, 0.8, 0.0, 0.5], [0.53, 1.0, 1.0, 0.0, 0.0, 0.8, 0.0, 0.75], [0.5, 1.0, 1.0, 0.0, -1.0, 0.8, 0.0, 0.88], [0.5, 1.0, 1.0, 0.0, -1.0, 0.8, 0.0, 0.88]]

[[0.69, 1.0, 0.0, 1.0, 0.0, 0.8, -1.0, 0.25], [0.67, 1.0, 0.0, 1.0, 0.0, 0.6, -1.0, 0.38], [0.78, 1.0, 0.0, 1.0, 0.0, 1.0, -1.0, 0.25], [0.67, 1.0, 0.0, 1.0, 0.0, 0.8, -1.0, 0.19], [0.75, 1.0, 0.0, 1.0, 0.0, 0.8, -1.0, 0.44]]

[[0.5, 1.0, 0.0, 0.0, 0.0, 1.0, -1.0, 0.5], [0.67, 0.0, 0.0, 0.0, -1.0, 0.8, -1.0, 0.44], [0.61, 1.0, 0.0, 0.0, 0.0, 1.0, -1.0, 0.25], [0.81, 1.0, 0.0, 0.0, 0.0, 1.0, -1.0, 0.38], [0.67, 1.0, 0.0, 0.0, 0.0, 1.0, -1.0, 0.25], [0.56, 1.0, 0.0, 0.0, 0.0, 1.0, -1.0, 0.44], [0.64, 0.0, 0.0, 0.0, 0.0, 1.0, -1.0, 0.63], [0.69, 1.0, 0.0, 0.0, 0.0, 1.0, -1.0, 0.31], [0.56, 1.0, 0.0, 0.0, 0.0, 1.0, -1.0, 0.44], [0.56, 1.0, 0.0, 0.0, 0.0, 1.0, -1.0, 0.63], [0.67, 1.0, 0.0, 0.0, 0.0, 1.0, -1.0, 0.5]]

NumClusters: 23

NumPerCluster: [3, 5, 1, 3, 3, 3, 2, 6, 4, 2, 5, 6, 5, 1, 4, 5, 6, 4, 1, 10, 5, 5, 11]

Cohesion: 10.957278034085952

Seperation:  8496.946006883398


