Fertility Dataset
Particle Swarm Optimization

Number of Particles: 10
iterations: 100
Max number of clusters: 23

Clusters:

[[0.69, 0.0, 1.0, 1.0, 0.0, 0.8, 0.0, 0.88], [0.5, 1.0, 0.0, 0.0, 0.0, 1.0, -1.0, 0.5], [0.75, 0.0, 1.0, 1.0, 0.0, 1.0, -1.0, 0.38], [0.67, 1.0, 1.0, 0.0, 0.0, 0.8, -1.0, 0.5], [0.67, 0.0, 0.0, 0.0, -1.0, 0.8, -1.0, 0.44], [1.0, 1.0, 1.0, 1.0, 0.0, 0.6, -1.0, 0.38], [0.64, 0.0, 0.0, 1.0, 0.0, 0.8, -1.0, 0.25], [0.61, 1.0, 0.0, 0.0, 0.0, 1.0, -1.0, 0.25], [0.67, 1.0, 1.0, 0.0, -1.0, 0.8, 0.0, 0.31], [0.78, 1.0, 1.0, 1.0, 0.0, 0.6, 0.0, 0.13], [0.81, 1.0, 0.0, 0.0, 0.0, 1.0, -1.0, 0.38], [0.94, 1.0, 1.0, 1.0, 0.0, 0.2, -1.0, 0.25], [0.64, 1.0, 0.0, 1.0, 0.0, 1.0, -1.0, 0.38], [0.69, 1.0, 0.0, 1.0, 0.0, 0.8, -1.0, 0.25], [0.67, 0.0, 0.0, 1.0, 0.0, 0.8, -1.0, 0.25], [0.75, 1.0, 0.0, 0.0, 0.0, 0.6, 0.0, 0.25], [0.67, 1.0, 1.0, 0.0, 0.0, 0.8, -1.0, 0.25], [0.69, 1.0, 0.0, 1.0, -1.0, 1.0, -1.0, 0.44], [0.56, 1.0, 0.0, 1.0, 0.0, 1.0, -1.0, 0.63], [0.67, 1.0, 0.0, 0.0, 0.0, 1.0, -1.0, 0.25], [0.67, 1.0, 0.0, 1.0, 0.0, 0.6, -1.0, 0.38], [0.58, 0.0, 0.0, 1.0, 0.0, 1.0, -1.0, 0.19], [0.61, 1.0, 0.0, 1.0, 0.0, 1.0, -1.0, 0.63], [0.56, 1.0, 0.0, 0.0, 0.0, 1.0, -1.0, 0.44], [0.64, 0.0, 0.0, 0.0, 0.0, 1.0, -1.0, 0.63], [0.58, 1.0, 1.0, 1.0, 0.0, 0.8, 0.0, 0.44], [0.56, 1.0, 1.0, 1.0, 0.0, 1.0, -1.0, 0.63], [0.78, 1.0, 0.0, 1.0, 0.0, 1.0, -1.0, 0.25], [0.56, 1.0, 0.0, 1.0, 0.0, 1.0, -1.0, 0.63], [0.69, 1.0, 0.0, 0.0, 0.0, 1.0, -1.0, 0.31], [0.56, 1.0, 0.0, 0.0, 0.0, 1.0, -1.0, 0.44], [0.56, 1.0, 0.0, 0.0, 0.0, 1.0, -1.0, 0.63], [0.64, 1.0, 1.0, 1.0, 0.0, 0.8, -1.0, 0.31], [0.75, 1.0, 1.0, 1.0, 0.0, 0.6, -1.0, 0.19], [0.67, 1.0, 0.0, 1.0, 0.0, 0.8, -1.0, 0.19], [0.53, 1.0, 1.0, 0.0, 0.0, 0.8, 0.0, 0.5], [0.58, 1.0, 1.0, 1.0, -1.0, 0.8, 0.0, 0.19], [0.61, 1.0, 0.0, 1.0, 0.0, 1.0, -1.0, 0.63], [0.69, 1.0, 1.0, 1.0, -1.0, 1.0, -1.0, 0.75], [0.61, 1.0, 1.0, 1.0, 0.0, 0.6, -1.0, 0.38], [0.53, 1.0, 0.0, 0.0, 1.0, 0.8, -1.0, 0.31], [0.56, 0.0, 0.0, 1.0, 0.0, 1.0, -1.0, 0.56], [0.5, 1.0, 0.0, 1.0, -1.0, 0.8, -1.0, 0.5], [0.69, 1.0, 0.0, 0.0, 1.0, 1.0, -1.0, 0.31], [0.83, 1.0, 1.0, 1.0, 0.0, 1.0, -1.0, 0.31], [0.75, 1.0, 1.0, 0.0, 0.0, 0.8, -1.0, 0.38], [0.75, 1.0, 0.0, 1.0, 0.0, 0.8, -1.0, 0.44], [0.67, 1.0, 0.0, 0.0, 0.0, 1.0, -1.0, 0.5], [0.61, 1.0, 0.0, 0.0, 0.0, 0.8, 0.0, 0.5], [0.67, 1.0, 1.0, 1.0, 0.0, 1.0, -1.0, 0.31], [0.69, 0.0, 1.0, 1.0, 0.0, 0.6, -1.0, 0.19]]

[[0.56, 0.0, 0.0, 0.0, 1.0, 0.8, 0.0, 1.0]]

[[0.78, 1.0, 1.0, 0.0, 1.0, 0.6, -1.0, 0.38], [0.78, 1.0, 1.0, 0.0, 1.0, 0.6, -1.0, 0.38], [0.53, 1.0, 1.0, 0.0, 1.0, 1.0, 0.0, 0.31], [0.53, 1.0, 1.0, 0.0, 1.0, 1.0, -1.0, 0.75], [0.72, 1.0, 1.0, 1.0, 1.0, 0.8, -1.0, 0.19], [0.53, 1.0, 1.0, 0.0, 1.0, 0.8, -1.0, 0.38], [0.92, 1.0, 1.0, 0.0, 1.0, 1.0, -1.0, 0.63], [0.81, 1.0, 1.0, 1.0, 1.0, 0.8, 0.0, 0.19], [0.86, 1.0, 1.0, 1.0, 1.0, 1.0, -1.0, 0.25], [0.81, 1.0, 1.0, 1.0, 1.0, 0.8, -1.0, 0.38]]

[[0.53, 1.0, 1.0, 0.0, 0.0, 0.8, 0.0, 0.75], [0.5, 1.0, 1.0, 0.0, -1.0, 0.8, 0.0, 0.88], [0.5, 1.0, 1.0, 0.0, -1.0, 0.8, 0.0, 0.88]]

[[0.75, 1.0, 1.0, 1.0, 0.0, 0.8, 1.0, 0.25], [0.75, 1.0, 1.0, 1.0, 0.0, 1.0, 1.0, 0.25], [0.53, 1.0, 1.0, 1.0, 0.0, 0.8, 1.0, 0.5], [0.56, 1.0, 1.0, 0.0, 0.0, 0.8, 1.0, 0.5], [0.72, 1.0, 1.0, 0.0, 0.0, 0.6, 1.0, 0.19], [0.64, 1.0, 0.0, 0.0, 1.0, 1.0, 1.0, 0.25], [0.78, 1.0, 0.0, 1.0, 1.0, 1.0, 1.0, 0.25], [0.78, 1.0, 0.0, 0.0, 1.0, 1.0, 1.0, 0.06], [0.75, 1.0, 1.0, 1.0, 0.0, 0.6, 1.0, 0.25], [0.75, 1.0, 1.0, 1.0, 1.0, 0.8, 1.0, 0.25], [0.81, 1.0, 1.0, 1.0, 0.0, 1.0, 1.0, 0.38]]

[[0.92, 1.0, 0.0, 0.0, 1.0, 0.6, -1.0, 0.19]]

[[0.58, 0.0, 0.0, 0.0, 1.0, 0.8, 1.0, 0.44]]

[[0.53, 1.0, 0.0, 0.0, 1.0, 1.0, 0.0, 0.44], [0.56, 1.0, 0.0, 0.0, 1.0, 1.0, -1.0, 0.5], [0.5, 1.0, 0.0, 0.0, 1.0, 1.0, -1.0, 0.47], [0.5, 1.0, 0.0, 0.0, 1.0, 0.8, 0.0, 0.31], [0.56, 1.0, 0.0, 0.0, 1.0, 0.6, 0.0, 0.5], [0.5, 1.0, 0.0, 0.0, 1.0, 0.8, -1.0, 0.44], [0.53, 1.0, 0.0, 0.0, 1.0, 0.8, -1.0, 0.63]]

[[0.67, 1.0, 0.0, 1.0, 0.0, 0.8, 0.0, 0.5], [0.67, 0.0, 0.0, 1.0, 0.0, 0.6, 0.0, 0.5], [0.67, 0.0, 0.0, 1.0, 0.0, 0.6, 0.0, 0.5], [0.75, 1.0, 0.0, 1.0, 1.0, 0.6, 0.0, 0.56], [1.0, 1.0, 0.0, 1.0, 1.0, 0.6, 0.0, 0.25], [0.64, 1.0, 0.0, 1.0, 0.0, 1.0, 0.0, 0.19]]

[[0.81, 1.0, 1.0, 0.0, 0.0, 1.0, 1.0, 0.5], [0.56, 1.0, 1.0, 0.0, 0.0, 0.4, 1.0, 0.63], [0.89, 1.0, 1.0, 0.0, 0.0, 0.6, 1.0, 0.31]]

[[0.94, 1.0, 0.0, 1.0, 0.0, 0.8, 1.0, 0.31], [0.67, 1.0, 0.0, 0.0, 0.0, 0.8, 1.0, 0.38], [0.58, 1.0, 0.0, 1.0, -1.0, 0.8, 1.0, 0.5], [0.58, 1.0, 0.0, 1.0, 0.0, 0.8, 1.0, 0.19], [0.78, 1.0, 0.0, 0.0, 0.0, 1.0, 1.0, 0.06], [0.58, 1.0, 0.0, 0.0, 0.0, 0.6, 1.0, 0.5]]

NumClusters: 11

NumPerCluster: [51, 1, 10, 3, 11, 1, 1, 7, 6, 3, 6]

Cohesion: 6.904400698595413

Seperation:  6794.757813224442
