/Library/Frameworks/Python.framework/Versions/3.5/bin/python3.5 /Users/newfrontier2/Desktop/School/CSCI447/project_4/__init__.py
Test Dataset
Particle Swarm Optimization
Iteration: 0
Iteration: 1
Iteration: 2
Iteration: 3
Iteration: 4
Iteration: 5
Iteration: 6
Iteration: 7
Iteration: 8
Iteration: 9
Iteration: 10
Iteration: 11
Iteration: 12
Iteration: 13
Iteration: 14
Iteration: 15
Iteration: 16
Iteration: 17
Iteration: 18
Iteration: 19
Iteration: 20
Iteration: 21
Iteration: 22
Iteration: 23
Iteration: 24
Iteration: 25
Iteration: 26
Iteration: 27
Iteration: 28
Iteration: 29
Iteration: 30
Iteration: 31
Iteration: 32
Iteration: 33
Iteration: 34
Iteration: 35
Iteration: 36
Iteration: 37
Iteration: 38
Iteration: 39
Iteration: 40
Iteration: 41
Iteration: 42
Iteration: 43
Iteration: 44
Iteration: 45
Iteration: 46
Iteration: 47
Iteration: 48
Iteration: 49
iterations: 50
Max number of clusters: 90
iterations: 50

NumClusters: 79

NumPerCluster: [6, 9, 5, 2, 1, 9, 6, 4, 1, 1, 1, 1, 2, 7, 1, 4, 5, 1, 2, 1, 2, 5, 1, 1, 2, 1, 1, 3, 1, 5, 4, 4, 2, 4, 7, 1, 3, 4, 1, 1, 1, 3, 2, 3, 6, 1, 15, 1, 2, 2, 3, 3, 1, 2, 5, 2, 5, 2, 1, 10, 3, 1, 2, 3, 2, 1, 7, 2, 5, 2, 1, 5, 4, 5, 3, 1, 6, 11, 2]
[0.1, 0.52, 0.78, 0.34]
[0.1, 0.52, 0.78, 0.34]
[0.1, 0.52, 0.78, 0.34]
[0.1, 0.52, 0.78, 0.34]
[0.1, 0.52, 0.78, 0.34]
[0.255, 0.55, 0.78, 0.34]
[0.255, 0.55, 0.78, 0.34]
[0.255, 0.55, 0.78, 0.34]
[0.255, 0.55, 0.78, 0.34]
[0.255, 0.55, 0.78, 0.34]
[0.27, 0.52, 0.81, 0.3]
[0.27, 0.52, 0.81, 0.3]
[0.27, 0.52, 0.81, 0.3]
[0.27, 0.52, 0.81, 0.3]
[0.27, 0.52, 0.81, 0.3]
[0.15, 0.66, 0.78, 0.4]
[0.15, 0.66, 0.78, 0.4]
[0.15, 0.66, 0.78, 0.4]
[0.15, 0.66, 0.78, 0.4]
[0.15, 0.66, 0.78, 0.4]
[0.26, 0.76, 0.84, 0.3]
[0.26, 0.76, 0.84, 0.3]
[0.26, 0.76, 0.84, 0.3]
[0.26, 0.76, 0.84, 0.3]
[0.26, 0.76, 0.84, 0.3]
[0.267, 0.59, 0.78, 0.28]
[0.267, 0.59, 0.78, 0.28]
[0.267, 0.59, 0.78, 0.28]
[0.267, 0.59, 0.78, 0.28]
[0.267, 0.59, 0.78, 0.28]
[0.49, 0.55, 0.29, 0.6]
[0.49, 0.55, 0.29, 0.6]
[0.49, 0.55, 0.29, 0.6]
[0.49, 0.55, 0.29, 0.6]
[0.49, 0.55, 0.29, 0.6]
[0.49, 0.55, 0.29, 0.6]
[0.49, 0.55, 0.29, 0.6]
[0.49, 0.55, 0.29, 0.6]
[0.2, 0.52, 0.3, 0.53]
[0.2, 0.52, 0.3, 0.53]
[0.2, 0.52, 0.3, 0.53]
[0.2, 0.52, 0.3, 0.53]
[0.2, 0.52, 0.3, 0.53]
[0.2, 0.52, 0.3, 0.53]
[0.2, 0.52, 0.3, 0.53]
[0.2, 0.52, 0.3, 0.53]
[0.28, 0.64, 0.29, 0.56]
[0.28, 0.64, 0.29, 0.56]
[0.28, 0.64, 0.29, 0.56]
[0.28, 0.64, 0.29, 0.56]
[0.28, 0.64, 0.29, 0.56]
[0.28, 0.64, 0.29, 0.56]
[0.28, 0.64, 0.29, 0.56]
[0.28, 0.64, 0.29, 0.56]
[0.28, 0.6, 0.29, 0.59]
[0.28, 0.6, 0.29, 0.59]
[0.28, 0.6, 0.29, 0.59]
[0.28, 0.6, 0.29, 0.59]
[0.28, 0.6, 0.29, 0.59]
[0.28, 0.6, 0.29, 0.59]
[0.28, 0.6, 0.29, 0.59]
[0.28, 0.6, 0.29, 0.59]
[0.255, 0.63, 0.4, 0.54]
[0.255, 0.63, 0.4, 0.54]
[0.255, 0.63, 0.4, 0.54]
[0.255, 0.63, 0.4, 0.54]
[0.255, 0.63, 0.4, 0.54]
[0.255, 0.63, 0.4, 0.54]
[0.255, 0.63, 0.4, 0.54]
[0.255, 0.63, 0.4, 0.54]
[0.32, 0.55, 0.33, 0.52]
[0.32, 0.55, 0.33, 0.52]
[0.32, 0.55, 0.33, 0.52]
[0.32, 0.55, 0.33, 0.52]
[0.32, 0.55, 0.33, 0.52]
[0.32, 0.55, 0.33, 0.52]
[0.32, 0.55, 0.33, 0.52]
[0.32, 0.55, 0.33, 0.52]
[0.299, 0.63, 0.36, 0.51]
[0.299, 0.63, 0.36, 0.51]
[0.299, 0.63, 0.36, 0.51]
[0.299, 0.63, 0.36, 0.51]
[0.299, 0.63, 0.36, 0.51]
[0.299, 0.63, 0.36, 0.51]
[0.299, 0.63, 0.36, 0.51]
[0.299, 0.63, 0.36, 0.51]
[0.38, 0.62, 0.33, 0.49]
[0.38, 0.62, 0.33, 0.49]
[0.38, 0.62, 0.33, 0.49]
[0.38, 0.62, 0.33, 0.49]
[0.38, 0.62, 0.33, 0.49]
[0.38, 0.62, 0.33, 0.49]
[0.38, 0.62, 0.33, 0.49]
[0.38, 0.62, 0.33, 0.49]
[0.38, 0.55, 0.15, 0.62]
[0.38, 0.55, 0.15, 0.62]
[0.38, 0.55, 0.15, 0.62]
[0.38, 0.55, 0.15, 0.62]
[0.38, 0.55, 0.15, 0.62]
[0.38, 0.55, 0.15, 0.62]
[0.38, 0.55, 0.15, 0.62]
[0.38, 0.55, 0.15, 0.62]
[0.0, 0.0, 0.0, 0.0]
[0.0, 0.0, 0.0, 0.0]
[0.0, 0.0, 0.0, 0.0]
[0.0, 0.0, 0.0, 0.0]
[0.1, 0.12, 0.28, 0.32]
[0.1, 0.12, 0.28, 0.32]
[0.1, 0.12, 0.28, 0.32]
[0.1, 0.12, 0.28, 0.32]
[0.27, 0.2, 0.33, 0.1]
[0.27, 0.2, 0.33, 0.1]
[0.27, 0.2, 0.33, 0.1]
[0.27, 0.2, 0.33, 0.1]
[0.1, 0.27, 0.25, 0.29]
[0.1, 0.27, 0.25, 0.29]
[0.1, 0.27, 0.25, 0.29]
[0.1, 0.27, 0.25, 0.29]
[0.19, 0.19, 0.48, 0.1]
[0.19, 0.19, 0.48, 0.1]
[0.19, 0.19, 0.48, 0.1]
[0.19, 0.19, 0.48, 0.1]
[0.06, 0.57, 0.75, 0.1]
[0.14, 0.52, 0.81, 0.15]
[0.36, 0.8, 0.14, 0.66]
[0.36, 0.8, 0.14, 0.66]
[0.36, 0.8, 0.14, 0.66]
[0.36, 0.8, 0.14, 0.66]
[0.36, 0.8, 0.14, 0.66]
[0.36, 0.8, 0.14, 0.66]
[0.36, 0.8, 0.14, 0.66]
[0.36, 0.8, 0.14, 0.66]
[0.39, 0.75, 0.31, 0.62]
[0.39, 0.75, 0.31, 0.62]
[0.39, 0.75, 0.31, 0.62]
[0.39, 0.75, 0.31, 0.62]
[0.39, 0.75, 0.31, 0.62]
[0.39, 0.75, 0.31, 0.62]
[0.39, 0.75, 0.31, 0.62]
[0.39, 0.75, 0.31, 0.62]
[0.258, 0.73, 0.18, 0.59]
[0.258, 0.73, 0.18, 0.59]
[0.258, 0.73, 0.18, 0.59]
[0.258, 0.73, 0.18, 0.59]
[0.258, 0.73, 0.18, 0.59]
[0.258, 0.73, 0.18, 0.59]
[0.258, 0.73, 0.18, 0.59]
[0.258, 0.73, 0.18, 0.59]
[0.32, 0.79, 0.31, 0.54]
[0.32, 0.79, 0.31, 0.54]
[0.32, 0.79, 0.31, 0.54]
[0.32, 0.79, 0.31, 0.54]
[0.32, 0.79, 0.31, 0.54]
[0.32, 0.79, 0.31, 0.54]
[0.32, 0.79, 0.31, 0.54]
[0.32, 0.79, 0.31, 0.54]
[0.44, 0.89, 0.12, 0.66]
[0.44, 0.89, 0.12, 0.66]
[0.44, 0.89, 0.12, 0.66]
[0.44, 0.89, 0.12, 0.66]
[0.44, 0.89, 0.12, 0.66]
[0.44, 0.89, 0.12, 0.66]
[0.44, 0.89, 0.12, 0.66]
[0.44, 0.89, 0.12, 0.66]
[0.18, 0.88, 0.09, 0.66]
[0.18, 0.88, 0.09, 0.66]
[0.18, 0.88, 0.09, 0.66]
[0.18, 0.88, 0.09, 0.66]
[0.18, 0.88, 0.09, 0.66]
[0.18, 0.88, 0.09, 0.66]
[0.18, 0.88, 0.09, 0.66]
[0.18, 0.88, 0.09, 0.66]
[0.28, 0.88, 0.2, 0.66]
[0.28, 0.88, 0.2, 0.66]
[0.28, 0.88, 0.2, 0.66]
[0.28, 0.88, 0.2, 0.66]
[0.28, 0.88, 0.2, 0.66]
[0.28, 0.88, 0.2, 0.66]
[0.28, 0.88, 0.2, 0.66]
[0.28, 0.88, 0.2, 0.66]
[0.37, 0.81, 0.13, 0.64]
[0.37, 0.81, 0.13, 0.64]
[0.37, 0.81, 0.13, 0.64]
[0.37, 0.81, 0.13, 0.64]
[0.37, 0.81, 0.13, 0.64]
[0.37, 0.81, 0.13, 0.64]
[0.37, 0.81, 0.13, 0.64]
[0.37, 0.81, 0.13, 0.64]
[0.44, 0.82, 0.3, 0.52]
[0.44, 0.82, 0.3, 0.52]
[0.44, 0.82, 0.3, 0.52]
[0.44, 0.82, 0.3, 0.52]
[0.44, 0.82, 0.3, 0.52]
[0.44, 0.82, 0.3, 0.52]
[0.44, 0.82, 0.3, 0.52]
[0.44, 0.82, 0.3, 0.52]
[0.28, 0.55, 0.25, 0.1]
[0.28, 0.55, 0.25, 0.1]
[0.28, 0.55, 0.25, 0.1]
[0.28, 0.55, 0.25, 0.1]
[0.28, 0.55, 0.25, 0.1]
[0.33, 0.31, 0.26, 0.0]
[0.33, 0.31, 0.26, 0.0]
[0.33, 0.31, 0.26, 0.0]
[0.33, 0.31, 0.26, 0.0]
[0.33, 0.31, 0.26, 0.0]
[0.3, 0.31, 0.2, 0.03]
[0.3, 0.31, 0.2, 0.03]
[0.3, 0.31, 0.2, 0.03]
[0.3, 0.31, 0.2, 0.03]
[0.3, 0.31, 0.2, 0.03]
[0.1, 0.34, 0.3, 0.1]
[0.1, 0.34, 0.3, 0.1]
[0.1, 0.34, 0.3, 0.1]
[0.1, 0.34, 0.3, 0.1]
[0.1, 0.34, 0.3, 0.1]
[0.19, 0.55, 0.08, 0.1]
[0.19, 0.55, 0.08, 0.1]
[0.19, 0.55, 0.08, 0.1]
[0.19, 0.55, 0.08, 0.1]
[0.19, 0.55, 0.08, 0.1]
[0.35, 0.51, 0.27, 0.3]
[0.35, 0.51, 0.27, 0.3]
[0.35, 0.51, 0.27, 0.3]
[0.35, 0.51, 0.27, 0.3]
[0.35, 0.51, 0.27, 0.3]
[0.4, 0.32, 0.08, 0.33]
[0.4, 0.32, 0.08, 0.33]
[0.4, 0.32, 0.08, 0.33]
[0.55, 0.5, 0.11, 0.333]
[0.55, 0.5, 0.11, 0.333]
[0.55, 0.5, 0.11, 0.333]
[0.55, 0.41, 0.29, 0.3]
[0.55, 0.41, 0.29, 0.3]
[0.55, 0.41, 0.29, 0.3]
[0.58, 0.31, 0.29, 0.29]
[0.58, 0.31, 0.29, 0.29]
[0.58, 0.31, 0.29, 0.29]
[0.85, 0.54, 0.25, 0.83]
[0.78, 0.38, 0.24, 0.89]
[0.02, 0.34, 0.4, 0.01]
[0.02, 0.34, 0.4, 0.01]
[0.02, 0.34, 0.4, 0.01]
[0.02, 0.34, 0.4, 0.01]
[0.02, 0.34, 0.4, 0.01]
[0.02, 0.34, 0.4, 0.01]
[0.14, 0.35, 0.72, 0.25]
[0.14, 0.35, 0.72, 0.25]
[0.14, 0.35, 0.72, 0.25]
[0.14, 0.35, 0.72, 0.25]
[0.14, 0.35, 0.72, 0.25]
[0.14, 0.35, 0.72, 0.25]
[0.15, 0.33, 0.66, 0.08]
[0.15, 0.33, 0.66, 0.08]
[0.15, 0.33, 0.66, 0.08]
[0.15, 0.33, 0.66, 0.08]
[0.15, 0.33, 0.66, 0.08]
[0.15, 0.33, 0.66, 0.08]
[0.04, 0.18, 0.55, 0.07]
[0.04, 0.18, 0.55, 0.07]
[0.04, 0.18, 0.55, 0.07]
[0.04, 0.18, 0.55, 0.07]
[0.04, 0.18, 0.55, 0.07]
[0.04, 0.18, 0.55, 0.07]
[0.06, 0.32, 0.78, 0.1]
[0.06, 0.32, 0.78, 0.1]
[0.06, 0.32, 0.78, 0.1]
[0.06, 0.32, 0.78, 0.1]
[0.06, 0.32, 0.78, 0.1]
[0.06, 0.32, 0.78, 0.1]
[0.04, 0.5, 0.55, 0.1]
[0.04, 0.5, 0.55, 0.1]
[0.04, 0.5, 0.55, 0.1]
[0.04, 0.5, 0.55, 0.1]
[0.04, 0.5, 0.55, 0.1]
[0.04, 0.5, 0.55, 0.1]
[0.18, 0.31, 0.55, 0.09]
[0.18, 0.31, 0.55, 0.09]
[0.18, 0.31, 0.55, 0.09]
[0.18, 0.31, 0.55, 0.09]
[0.18, 0.31, 0.55, 0.09]
[0.18, 0.31, 0.55, 0.09]
[0.28, 0.72, 0.89, 0.58]
[0.28, 0.72, 0.89, 0.58]
[0.28, 0.72, 0.89, 0.58]
[0.2, 0.76, 0.95, 0.65]
[0.2, 0.76, 0.95, 0.65]
[0.2, 0.76, 0.95, 0.65]
[0.21, 0.68, 0.65, 0.75]
[0.21, 0.68, 0.65, 0.75]
[0.21, 0.68, 0.65, 0.75]
[0.29, 0.74, 0.82, 0.68]
[0.29, 0.74, 0.82, 0.68]
[0.29, 0.74, 0.82, 0.68]
[0.2, 0.7, 0.3, 0.6]
[0.2, 0.7, 0.3, 0.6]
[0.2, 0.7, 0.3, 0.6]
[0.2, 0.7, 0.3, 0.6]
[0.245, 0.75, 0.31, 0.59]
[0.245, 0.75, 0.31, 0.59]
[0.245, 0.75, 0.31, 0.59]
[0.245, 0.75, 0.31, 0.59]
[0.08, 0.8, 0.22, 0.56]
[0.08, 0.8, 0.22, 0.56]
[0.08, 0.8, 0.22, 0.56]
[0.08, 0.8, 0.22, 0.56]
[0.015, 0.78, 0.31, 0.53]
[0.015, 0.78, 0.31, 0.53]
[0.015, 0.78, 0.31, 0.53]
[0.015, 0.78, 0.31, 0.53]
[0.27, 0.78, 0.31, 0.57]
[0.27, 0.78, 0.31, 0.57]
[0.27, 0.78, 0.31, 0.57]
[0.27, 0.78, 0.31, 0.57]
[0.6, 0.28, 0.66, 0.07]
[0.65, 0.4, 0.65, 0.13]
[0.7, 0.72, 0.3, 0.8]
[0.82, 0.71, 0.29, 0.77]
[0.55, 0.12, 0.78, 0.05]
[0.55, 0.12, 0.78, 0.05]
[0.55, 0.12, 0.78, 0.05]
[0.55, 0.12, 0.78, 0.05]
[0.64, 0.18, 0.61, 0.45]
[0.64, 0.18, 0.61, 0.45]
[0.64, 0.18, 0.61, 0.45]
[0.64, 0.18, 0.61, 0.45]
[0.68, 0.1, 0.63, 0.18]
[0.68, 0.1, 0.63, 0.18]
[0.68, 0.1, 0.63, 0.18]
[0.68, 0.1, 0.63, 0.18]
[0.59, 0.31, 0.62, 0.2]
[0.59, 0.31, 0.62, 0.2]
[0.59, 0.31, 0.62, 0.2]
[0.59, 0.31, 0.62, 0.2]
[0.62, 0.24, 0.65, 0.25]
[0.62, 0.24, 0.65, 0.25]
[0.62, 0.24, 0.65, 0.25]
[0.62, 0.24, 0.65, 0.25]
[0.77, 0.72, 0.19, 0.56]
[0.79, 0.78, 0.3, 0.51]
[0.7, 0.95, 0.22, 0.66]
[0.7, 0.95, 0.22, 0.66]
[0.7, 0.82, 0.16, 0.64]
[0.7, 0.82, 0.16, 0.64]
[0.63, 0.65, 0.09, 0.66]
[0.63, 0.65, 0.09, 0.66]
[0.32, 0.04, 0.19, 0.82]
[0.32, 0.04, 0.19, 0.82]
[0.32, 0.04, 0.19, 0.82]
[0.32, 0.04, 0.19, 0.82]
[0.55, 0.02, 0.4, 0.79]
[0.55, 0.02, 0.4, 0.79]
[0.55, 0.02, 0.4, 0.79]
[0.55, 0.02, 0.4, 0.79]
[0.39, 0.02, 0.24, 0.88]
[0.39, 0.02, 0.24, 0.88]
[0.39, 0.02, 0.24, 0.88]
[0.39, 0.02, 0.24, 0.88]
[0.33, 0.12, 0.3, 0.9]
[0.33, 0.12, 0.3, 0.9]
[0.33, 0.12, 0.3, 0.9]
[0.33, 0.12, 0.3, 0.9]
[0.55, 0.11, 0.26, 0.83]
[0.55, 0.11, 0.26, 0.83]
[0.55, 0.11, 0.26, 0.83]
[0.55, 0.11, 0.26, 0.83]
[0.07, 0.7, 0.01, 0.05]
[0.07, 0.7, 0.01, 0.05]
[0.07, 0.7, 0.01, 0.05]
[0.1, 0.71, 0.26, 0.2]
[0.1, 0.71, 0.26, 0.2]
[0.1, 0.71, 0.26, 0.2]
[0.31, 0.79, 0.23, 0.24]
[0.31, 0.79, 0.23, 0.24]
[0.31, 0.79, 0.23, 0.24]
[0.15, 0.81, 0.22, 0.29]
[0.15, 0.81, 0.22, 0.29]
[0.15, 0.81, 0.22, 0.29]
[0.75, 0.32, 0.18, 0.86]
[0.75, 0.32, 0.18, 0.86]
[0.75, 0.32, 0.18, 0.86]
[0.72, 0.37, 0.29, 0.55]
[0.72, 0.37, 0.29, 0.55]
[0.72, 0.37, 0.29, 0.55]
[0.78, 0.44, 0.17, 0.66]
[0.78, 0.44, 0.17, 0.66]
[0.78, 0.44, 0.17, 0.66]
[0.67, 0.39, 0.1, 0.66]
[0.67, 0.39, 0.1, 0.66]
[0.67, 0.39, 0.1, 0.66]
[0.34, 0.71, 0.71, 0.9]
[0.276, 0.58, 0.77, 0.83]
[0.243, 0.19, 0.24, 0.35]
[0.243, 0.19, 0.24, 0.35]
[0.243, 0.19, 0.24, 0.35]
[0.295, 0.33, 0.32, 0.3]
[0.295, 0.33, 0.32, 0.3]
[0.295, 0.33, 0.32, 0.3]
[0.251, 0.39, 0.29, 0.3]
[0.251, 0.39, 0.29, 0.3]
[0.251, 0.39, 0.29, 0.3]
[0.33, 0.36, 0.28, 0.28]
[0.33, 0.36, 0.28, 0.28]
[0.33, 0.36, 0.28, 0.28]
[0.0, 0.5, 0.2, 0.85]
[0.0, 0.5, 0.2, 0.85]
[0.0, 0.5, 0.2, 0.85]
[0.0, 0.5, 0.2, 0.85]
[0.0, 0.5, 0.2, 0.85]
[0.0, 0.5, 0.2, 0.85]
[0.18, 0.55, 0.3, 0.81]
[0.18, 0.55, 0.3, 0.81]
[0.18, 0.55, 0.3, 0.81]
[0.18, 0.55, 0.3, 0.81]
[0.18, 0.55, 0.3, 0.81]
[0.18, 0.55, 0.3, 0.81]
[0.08, 0.4, 0.02, 0.67]
[0.08, 0.4, 0.02, 0.67]
[0.08, 0.4, 0.02, 0.67]
[0.08, 0.4, 0.02, 0.67]
[0.08, 0.4, 0.02, 0.67]
[0.08, 0.4, 0.02, 0.67]
[0.3, 0.52, 0.09, 0.67]
[0.3, 0.52, 0.09, 0.67]
[0.3, 0.52, 0.09, 0.67]
[0.3, 0.52, 0.09, 0.67]
[0.3, 0.52, 0.09, 0.67]
[0.3, 0.52, 0.09, 0.67]
[0.12, 0.41, 0.1, 0.65]
[0.12, 0.41, 0.1, 0.65]
[0.12, 0.41, 0.1, 0.65]
[0.12, 0.41, 0.1, 0.65]
[0.12, 0.41, 0.1, 0.65]
[0.12, 0.41, 0.1, 0.65]
[0.245, 0.38, 0.14, 0.86]
[0.245, 0.38, 0.14, 0.86]
[0.245, 0.38, 0.14, 0.86]
[0.245, 0.38, 0.14, 0.86]
[0.245, 0.38, 0.14, 0.86]
[0.245, 0.38, 0.14, 0.86]
[0.255, 0.55, 0.17, 0.64]
[0.255, 0.55, 0.17, 0.64]
[0.255, 0.55, 0.17, 0.64]
[0.255, 0.55, 0.17, 0.64]
[0.255, 0.55, 0.17, 0.64]
[0.255, 0.55, 0.17, 0.64]
[0.3, 0.15, 0.65, 0.77]
[0.3, 0.15, 0.65, 0.77]
[0.26, 0.19, 0.58, 0.79]
[0.26, 0.19, 0.58, 0.79]
[0.335, 0.19, 0.55, 0.78]
[0.335, 0.19, 0.55, 0.78]
[0.1, 0.72, 0.1, 0.3]
[0.1, 0.72, 0.1, 0.3]
[0.1, 0.72, 0.1, 0.3]
[0.255, 0.81, 0.27, 0.33]
[0.255, 0.81, 0.27, 0.33]
[0.255, 0.81, 0.27, 0.33]
[0.36, 0.63, 0.04, 0.25]
[0.36, 0.63, 0.04, 0.25]
[0.36, 0.63, 0.04, 0.25]
[0.295, 0.62, 0.28, 0.3]
[0.295, 0.62, 0.28, 0.3]
[0.295, 0.62, 0.28, 0.3]
[0.39, 0.85, 0.38, 0.77]
[0.39, 0.85, 0.38, 0.77]
[0.32, 0.89, 0.32, 0.8]
[0.32, 0.89, 0.32, 0.8]
[0.295, 0.8, 0.37, 0.84]
[0.295, 0.8, 0.37, 0.84]
[0.68, 0.73, 0.48, 0.28]
[0.76, 0.8, 0.28, 0.28]
[0.61, 0.53, 0.75, 0.01]
[0.61, 0.53, 0.75, 0.01]
[0.75, 0.35, 0.72, 0.25]
[0.75, 0.35, 0.72, 0.25]
[0.64, 0.34, 0.78, 0.21]
[0.64, 0.34, 0.78, 0.21]
[0.1, 0.7, 0.15, 0.9]
[0.1, 0.7, 0.15, 0.9]
[0.1, 0.7, 0.15, 0.9]
[0.1, 0.7, 0.15, 0.9]
[0.1, 0.7, 0.15, 0.9]
[0.12, 0.75, 0.35, 0.8]
[0.12, 0.75, 0.35, 0.8]
[0.12, 0.75, 0.35, 0.8]
[0.12, 0.75, 0.35, 0.8]
[0.12, 0.75, 0.35, 0.8]
[0.3, 0.68, 0.18, 0.85]
[0.3, 0.68, 0.18, 0.85]
[0.3, 0.68, 0.18, 0.85]
[0.3, 0.68, 0.18, 0.85]
[0.3, 0.68, 0.18, 0.85]
[0.275, 0.8, 0.21, 0.81]
[0.275, 0.8, 0.21, 0.81]
[0.275, 0.8, 0.21, 0.81]
[0.275, 0.8, 0.21, 0.81]
[0.275, 0.8, 0.21, 0.81]
[0.16, 0.69, 0.33, 0.78]
[0.16, 0.69, 0.33, 0.78]
[0.16, 0.69, 0.33, 0.78]
[0.16, 0.69, 0.33, 0.78]
[0.16, 0.69, 0.33, 0.78]
[0.3, 0.56, 0.25, 0.67]
[0.3, 0.56, 0.25, 0.67]
[0.3, 0.56, 0.25, 0.67]
[0.3, 0.56, 0.25, 0.67]
[0.3, 0.56, 0.25, 0.67]
[0.15, 0.4, 0.1, 0.66]
[0.15, 0.4, 0.1, 0.66]
[0.15, 0.4, 0.1, 0.66]
[0.15, 0.4, 0.1, 0.66]
[0.15, 0.4, 0.1, 0.66]
[0.15, 0.4, 0.1, 0.66]
[0.15, 0.4, 0.1, 0.66]
[0.15, 0.4, 0.1, 0.66]
[0.15, 0.4, 0.1, 0.66]
[0.15, 0.4, 0.1, 0.66]
[0.15, 0.4, 0.1, 0.66]
[0.15, 0.4, 0.1, 0.66]
[0.15, 0.4, 0.1, 0.66]
[0.15, 0.4, 0.1, 0.66]
[0.3, 0.37, 0.12, 0.66]
[0.3, 0.37, 0.12, 0.66]
[0.3, 0.37, 0.12, 0.66]
[0.3, 0.37, 0.12, 0.66]
[0.3, 0.37, 0.12, 0.66]
[0.3, 0.37, 0.12, 0.66]
[0.3, 0.37, 0.12, 0.66]
[0.3, 0.37, 0.12, 0.66]
[0.3, 0.37, 0.12, 0.66]
[0.3, 0.37, 0.12, 0.66]
[0.3, 0.37, 0.12, 0.66]
[0.3, 0.37, 0.12, 0.66]
[0.3, 0.37, 0.12, 0.66]
[0.3, 0.37, 0.12, 0.66]
[0.27, 0.31, 0.29, 0.65]
[0.27, 0.31, 0.29, 0.65]
[0.27, 0.31, 0.29, 0.65]
[0.27, 0.31, 0.29, 0.65]
[0.27, 0.31, 0.29, 0.65]
[0.27, 0.31, 0.29, 0.65]
[0.27, 0.31, 0.29, 0.65]
[0.27, 0.31, 0.29, 0.65]
[0.27, 0.31, 0.29, 0.65]
[0.27, 0.31, 0.29, 0.65]
[0.27, 0.31, 0.29, 0.65]
[0.27, 0.31, 0.29, 0.65]
[0.27, 0.31, 0.29, 0.65]
[0.27, 0.31, 0.29, 0.65]
[0.25, 0.26, 0.12, 0.67]
[0.25, 0.26, 0.12, 0.67]
[0.25, 0.26, 0.12, 0.67]
[0.25, 0.26, 0.12, 0.67]
[0.25, 0.26, 0.12, 0.67]
[0.25, 0.26, 0.12, 0.67]
[0.25, 0.26, 0.12, 0.67]
[0.25, 0.26, 0.12, 0.67]
[0.25, 0.26, 0.12, 0.67]
[0.25, 0.26, 0.12, 0.67]
[0.25, 0.26, 0.12, 0.67]
[0.25, 0.26, 0.12, 0.67]
[0.25, 0.26, 0.12, 0.67]
[0.25, 0.26, 0.12, 0.67]
[0.32, 0.29, 0.29, 0.62]
[0.32, 0.29, 0.29, 0.62]
[0.32, 0.29, 0.29, 0.62]
[0.32, 0.29, 0.29, 0.62]
[0.32, 0.29, 0.29, 0.62]
[0.32, 0.29, 0.29, 0.62]
[0.32, 0.29, 0.29, 0.62]
[0.32, 0.29, 0.29, 0.62]
[0.32, 0.29, 0.29, 0.62]
[0.32, 0.29, 0.29, 0.62]
[0.32, 0.29, 0.29, 0.62]
[0.32, 0.29, 0.29, 0.62]
[0.32, 0.29, 0.29, 0.62]
[0.32, 0.29, 0.29, 0.62]
[0.25, 0.29, 0.29, 0.57]
[0.25, 0.29, 0.29, 0.57]
[0.25, 0.29, 0.29, 0.57]
[0.25, 0.29, 0.29, 0.57]
[0.25, 0.29, 0.29, 0.57]
[0.25, 0.29, 0.29, 0.57]
[0.25, 0.29, 0.29, 0.57]
[0.25, 0.29, 0.29, 0.57]
[0.25, 0.29, 0.29, 0.57]
[0.25, 0.29, 0.29, 0.57]
[0.25, 0.29, 0.29, 0.57]
[0.25, 0.29, 0.29, 0.57]
[0.25, 0.29, 0.29, 0.57]
[0.25, 0.29, 0.29, 0.57]
[0.27, 0.31, 0.31, 0.54]
[0.27, 0.31, 0.31, 0.54]
[0.27, 0.31, 0.31, 0.54]
[0.27, 0.31, 0.31, 0.54]
[0.27, 0.31, 0.31, 0.54]
[0.27, 0.31, 0.31, 0.54]
[0.27, 0.31, 0.31, 0.54]
[0.27, 0.31, 0.31, 0.54]
[0.27, 0.31, 0.31, 0.54]
[0.27, 0.31, 0.31, 0.54]
[0.27, 0.31, 0.31, 0.54]
[0.27, 0.31, 0.31, 0.54]
[0.27, 0.31, 0.31, 0.54]
[0.27, 0.31, 0.31, 0.54]
[0.18, 0.26, 0.26, 0.67]
[0.18, 0.26, 0.26, 0.67]
[0.18, 0.26, 0.26, 0.67]
[0.18, 0.26, 0.26, 0.67]
[0.18, 0.26, 0.26, 0.67]
[0.18, 0.26, 0.26, 0.67]
[0.18, 0.26, 0.26, 0.67]
[0.18, 0.26, 0.26, 0.67]
[0.18, 0.26, 0.26, 0.67]
[0.18, 0.26, 0.26, 0.67]
[0.18, 0.26, 0.26, 0.67]
[0.18, 0.26, 0.26, 0.67]
[0.18, 0.26, 0.26, 0.67]
[0.18, 0.26, 0.26, 0.67]
[0.305, 0.51, 0.09, 0.64]
[0.305, 0.51, 0.09, 0.64]
[0.305, 0.51, 0.09, 0.64]
[0.305, 0.51, 0.09, 0.64]
[0.305, 0.51, 0.09, 0.64]
[0.305, 0.51, 0.09, 0.64]
[0.305, 0.51, 0.09, 0.64]
[0.305, 0.51, 0.09, 0.64]
[0.305, 0.51, 0.09, 0.64]
[0.305, 0.51, 0.09, 0.64]
[0.305, 0.51, 0.09, 0.64]
[0.305, 0.51, 0.09, 0.64]
[0.305, 0.51, 0.09, 0.64]
[0.305, 0.51, 0.09, 0.64]
[0.4, 0.38, 0.2, 0.61]
[0.4, 0.38, 0.2, 0.61]
[0.4, 0.38, 0.2, 0.61]
[0.4, 0.38, 0.2, 0.61]
[0.4, 0.38, 0.2, 0.61]
[0.4, 0.38, 0.2, 0.61]
[0.4, 0.38, 0.2, 0.61]
[0.4, 0.38, 0.2, 0.61]
[0.4, 0.38, 0.2, 0.61]
[0.4, 0.38, 0.2, 0.61]
[0.4, 0.38, 0.2, 0.61]
[0.4, 0.38, 0.2, 0.61]
[0.4, 0.38, 0.2, 0.61]
[0.4, 0.38, 0.2, 0.61]
[0.14, 0.22, 0.11, 0.66]
[0.14, 0.22, 0.11, 0.66]
[0.14, 0.22, 0.11, 0.66]
[0.14, 0.22, 0.11, 0.66]
[0.14, 0.22, 0.11, 0.66]
[0.14, 0.22, 0.11, 0.66]
[0.14, 0.22, 0.11, 0.66]
[0.14, 0.22, 0.11, 0.66]
[0.14, 0.22, 0.11, 0.66]
[0.14, 0.22, 0.11, 0.66]
[0.14, 0.22, 0.11, 0.66]
[0.14, 0.22, 0.11, 0.66]
[0.14, 0.22, 0.11, 0.66]
[0.14, 0.22, 0.11, 0.66]
[0.15, 0.38, 0.18, 0.63]
[0.15, 0.38, 0.18, 0.63]
[0.15, 0.38, 0.18, 0.63]
[0.15, 0.38, 0.18, 0.63]
[0.15, 0.38, 0.18, 0.63]
[0.15, 0.38, 0.18, 0.63]
[0.15, 0.38, 0.18, 0.63]
[0.15, 0.38, 0.18, 0.63]
[0.15, 0.38, 0.18, 0.63]
[0.15, 0.38, 0.18, 0.63]
[0.15, 0.38, 0.18, 0.63]
[0.15, 0.38, 0.18, 0.63]
[0.15, 0.38, 0.18, 0.63]
[0.15, 0.38, 0.18, 0.63]
[0.27, 0.13, 0.14, 0.62]
[0.27, 0.13, 0.14, 0.62]
[0.27, 0.13, 0.14, 0.62]
[0.27, 0.13, 0.14, 0.62]
[0.27, 0.13, 0.14, 0.62]
[0.27, 0.13, 0.14, 0.62]
[0.27, 0.13, 0.14, 0.62]
[0.27, 0.13, 0.14, 0.62]
[0.27, 0.13, 0.14, 0.62]
[0.27, 0.13, 0.14, 0.62]
[0.27, 0.13, 0.14, 0.62]
[0.27, 0.13, 0.14, 0.62]
[0.27, 0.13, 0.14, 0.62]
[0.27, 0.13, 0.14, 0.62]
[0.32, 0.48, 0.2, 0.6]
[0.32, 0.48, 0.2, 0.6]
[0.32, 0.48, 0.2, 0.6]
[0.32, 0.48, 0.2, 0.6]
[0.32, 0.48, 0.2, 0.6]
[0.32, 0.48, 0.2, 0.6]
[0.32, 0.48, 0.2, 0.6]
[0.32, 0.48, 0.2, 0.6]
[0.32, 0.48, 0.2, 0.6]
[0.32, 0.48, 0.2, 0.6]
[0.32, 0.48, 0.2, 0.6]
[0.32, 0.48, 0.2, 0.6]
[0.32, 0.48, 0.2, 0.6]
[0.32, 0.48, 0.2, 0.6]
[0.43, 0.32, 0.12, 0.65]
[0.43, 0.32, 0.12, 0.65]
[0.43, 0.32, 0.12, 0.65]
[0.43, 0.32, 0.12, 0.65]
[0.43, 0.32, 0.12, 0.65]
[0.43, 0.32, 0.12, 0.65]
[0.43, 0.32, 0.12, 0.65]
[0.43, 0.32, 0.12, 0.65]
[0.43, 0.32, 0.12, 0.65]
[0.43, 0.32, 0.12, 0.65]
[0.43, 0.32, 0.12, 0.65]
[0.43, 0.32, 0.12, 0.65]
[0.43, 0.32, 0.12, 0.65]
[0.43, 0.32, 0.12, 0.65]
[0.1, 0.15, 0.65, 0.3]
[0.06, 0.19, 0.55, 0.51]
[0.34, 0.88, 0.75, 0.71]
[0.46, 0.95, 0.78, 0.86]
[0.06, 0.51, 0.41, 0.3]
[0.06, 0.51, 0.41, 0.3]
[0.01, 0.53, 0.27, 0.3]
[0.01, 0.53, 0.27, 0.3]
[0.02, 0.62, 0.3, 0.29]
[0.02, 0.62, 0.3, 0.29]
[0.51, 0.58, 0.33, 0.82]
[0.51, 0.58, 0.33, 0.82]
[0.33, 0.59, 0.53, 0.85]
[0.33, 0.59, 0.53, 0.85]
[0.36, 0.56, 0.4, 0.83]
[0.36, 0.56, 0.4, 0.83]
[0.21, 0.87, 0.56, 0.48]
[0.05, 0.91, 0.8, 0.68]
[0.29, 0.35, 0.76, 0.25]
[0.29, 0.35, 0.76, 0.25]
[0.29, 0.35, 0.76, 0.25]
[0.29, 0.35, 0.76, 0.25]
[0.33, 0.36, 0.76, 0.1]
[0.33, 0.36, 0.76, 0.1]
[0.33, 0.36, 0.76, 0.1]
[0.33, 0.36, 0.76, 0.1]
[0.29, 0.4, 0.78, 0.18]
[0.29, 0.4, 0.78, 0.18]
[0.29, 0.4, 0.78, 0.18]
[0.29, 0.4, 0.78, 0.18]
[0.29, 0.31, 0.76, 0.1]
[0.29, 0.31, 0.76, 0.1]
[0.29, 0.31, 0.76, 0.1]
[0.29, 0.31, 0.76, 0.1]
[0.26, 0.39, 0.77, 0.14]
[0.26, 0.39, 0.77, 0.14]
[0.26, 0.39, 0.77, 0.14]
[0.26, 0.39, 0.77, 0.14]
[0.12, 0.28, 0.7, 0.71]
[0.09, 0.33, 0.65, 0.5]
[0.255, 0.6, 0.45, 0.25]
[0.255, 0.6, 0.45, 0.25]
[0.255, 0.6, 0.45, 0.25]
[0.255, 0.6, 0.45, 0.25]
[0.35, 0.65, 0.27, 0.04]
[0.35, 0.65, 0.27, 0.04]
[0.35, 0.65, 0.27, 0.04]
[0.35, 0.65, 0.27, 0.04]
[0.18, 0.5, 0.4, 0.1]
[0.18, 0.5, 0.4, 0.1]
[0.18, 0.5, 0.4, 0.1]
[0.18, 0.5, 0.4, 0.1]
[0.265, 0.57, 0.6, 0.09]
[0.265, 0.57, 0.6, 0.09]
[0.265, 0.57, 0.6, 0.09]
[0.265, 0.57, 0.6, 0.09]
[0.29, 0.37, 0.48, 0.13]
[0.29, 0.37, 0.48, 0.13]
[0.29, 0.37, 0.48, 0.13]
[0.29, 0.37, 0.48, 0.13]
[0.08, 0.08, 0.98, 0.24]
[0.258, 0.07, 0.83, 0.34]
[0.06, 0.05, 0.25, 0.33]
[0.06, 0.05, 0.25, 0.33]
[0.06, 0.05, 0.25, 0.33]
[0.06, 0.05, 0.25, 0.33]
[0.06, 0.05, 0.25, 0.33]
[0.06, 0.05, 0.25, 0.33]
[0.06, 0.05, 0.25, 0.33]
[0.06, 0.05, 0.25, 0.33]
[0.06, 0.05, 0.25, 0.33]
[0.25, 0.1, 0.08, 0.33]
[0.25, 0.1, 0.08, 0.33]
[0.25, 0.1, 0.08, 0.33]
[0.25, 0.1, 0.08, 0.33]
[0.25, 0.1, 0.08, 0.33]
[0.25, 0.1, 0.08, 0.33]
[0.25, 0.1, 0.08, 0.33]
[0.25, 0.1, 0.08, 0.33]
[0.25, 0.1, 0.08, 0.33]
[0.32, 0.05, 0.27, 0.29]
[0.32, 0.05, 0.27, 0.29]
[0.32, 0.05, 0.27, 0.29]
[0.32, 0.05, 0.27, 0.29]
[0.32, 0.05, 0.27, 0.29]
[0.32, 0.05, 0.27, 0.29]
[0.32, 0.05, 0.27, 0.29]
[0.32, 0.05, 0.27, 0.29]
[0.32, 0.05, 0.27, 0.29]
[0.35, 0.12, 0.43, 0.29]
[0.35, 0.12, 0.43, 0.29]
[0.35, 0.12, 0.43, 0.29]
[0.35, 0.12, 0.43, 0.29]
[0.35, 0.12, 0.43, 0.29]
[0.35, 0.12, 0.43, 0.29]
[0.35, 0.12, 0.43, 0.29]
[0.35, 0.12, 0.43, 0.29]
[0.35, 0.12, 0.43, 0.29]
[0.1, 0.03, 0.09, 0.15]
[0.1, 0.03, 0.09, 0.15]
[0.1, 0.03, 0.09, 0.15]
[0.1, 0.03, 0.09, 0.15]
[0.1, 0.03, 0.09, 0.15]
[0.1, 0.03, 0.09, 0.15]
[0.1, 0.03, 0.09, 0.15]
[0.1, 0.03, 0.09, 0.15]
[0.1, 0.03, 0.09, 0.15]
[0.2, 0.06, 0.26, 0.24]
[0.2, 0.06, 0.26, 0.24]
[0.2, 0.06, 0.26, 0.24]
[0.2, 0.06, 0.26, 0.24]
[0.2, 0.06, 0.26, 0.24]
[0.2, 0.06, 0.26, 0.24]
[0.2, 0.06, 0.26, 0.24]
[0.2, 0.06, 0.26, 0.24]
[0.2, 0.06, 0.26, 0.24]
[0.27, 0.08, 0.42, 0.29]
[0.27, 0.08, 0.42, 0.29]
[0.27, 0.08, 0.42, 0.29]
[0.27, 0.08, 0.42, 0.29]
[0.27, 0.08, 0.42, 0.29]
[0.27, 0.08, 0.42, 0.29]
[0.27, 0.08, 0.42, 0.29]
[0.27, 0.08, 0.42, 0.29]
[0.27, 0.08, 0.42, 0.29]
[0.05, 0.02, 0.06, 0.34]
[0.05, 0.02, 0.06, 0.34]
[0.05, 0.02, 0.06, 0.34]
[0.05, 0.02, 0.06, 0.34]
[0.05, 0.02, 0.06, 0.34]
[0.05, 0.02, 0.06, 0.34]
[0.05, 0.02, 0.06, 0.34]
[0.05, 0.02, 0.06, 0.34]
[0.05, 0.02, 0.06, 0.34]
[0.29, 0.06, 0.31, 0.51]
[0.29, 0.06, 0.31, 0.51]
[0.29, 0.06, 0.31, 0.51]
[0.29, 0.06, 0.31, 0.51]
[0.29, 0.06, 0.31, 0.51]
[0.29, 0.06, 0.31, 0.51]
[0.29, 0.06, 0.31, 0.51]
[0.29, 0.06, 0.31, 0.51]
[0.29, 0.06, 0.31, 0.51]
[0.348, 0.06, 0.29, 0.31]
[0.348, 0.06, 0.29, 0.31]
[0.348, 0.06, 0.29, 0.31]
[0.348, 0.06, 0.29, 0.31]
[0.348, 0.06, 0.29, 0.31]
[0.348, 0.06, 0.29, 0.31]
[0.348, 0.06, 0.29, 0.31]
[0.348, 0.06, 0.29, 0.31]
[0.348, 0.06, 0.29, 0.31]
[0.38, 0.32, 0.6, 0.16]
[0.38, 0.32, 0.6, 0.16]
[0.4, 0.4, 0.59, 0.23]
[0.4, 0.4, 0.59, 0.23]
[0.41, 0.55, 0.6, 0.22]
[0.41, 0.55, 0.6, 0.22]
[0.49, 0.6, 0.2, 0.78]
[0.61, 0.46, 0.32, 0.81]
[0.1, 0.43, 0.29, 0.56]
[0.1, 0.43, 0.29, 0.56]
[0.12, 0.37, 0.29, 0.58]
[0.12, 0.37, 0.29, 0.58]
[0.18, 0.33, 0.31, 0.5]
[0.18, 0.33, 0.31, 0.5]
[0.65, 0.19, 0.99, 0.55]
[0.9, 0.52, 0.9, 0.47]
[0.28, 0.2, 0.78, 0.2]
[0.28, 0.2, 0.78, 0.2]
[0.28, 0.2, 0.78, 0.2]
[0.28, 0.2, 0.78, 0.2]
[0.28, 0.2, 0.78, 0.2]
[0.28, 0.2, 0.78, 0.2]
[0.29, 0.15, 0.48, 0.26]
[0.29, 0.15, 0.48, 0.26]
[0.29, 0.15, 0.48, 0.26]
[0.29, 0.15, 0.48, 0.26]
[0.29, 0.15, 0.48, 0.26]
[0.29, 0.15, 0.48, 0.26]
[0.1, 0.1, 0.7, 0.25]
[0.1, 0.1, 0.7, 0.25]
[0.1, 0.1, 0.7, 0.25]
[0.1, 0.1, 0.7, 0.25]
[0.1, 0.1, 0.7, 0.25]
[0.1, 0.1, 0.7, 0.25]
[0.28, 0.18, 0.48, 0.26]
[0.28, 0.18, 0.48, 0.26]
[0.28, 0.18, 0.48, 0.26]
[0.28, 0.18, 0.48, 0.26]
[0.28, 0.18, 0.48, 0.26]
[0.28, 0.18, 0.48, 0.26]
[0.299, 0.1, 0.64, 0.13]
[0.299, 0.1, 0.64, 0.13]
[0.299, 0.1, 0.64, 0.13]
[0.299, 0.1, 0.64, 0.13]
[0.299, 0.1, 0.64, 0.13]
[0.299, 0.1, 0.64, 0.13]
[0.34, 0.1, 0.49, 0.12]
[0.34, 0.1, 0.49, 0.12]
[0.34, 0.1, 0.49, 0.12]
[0.34, 0.1, 0.49, 0.12]
[0.34, 0.1, 0.49, 0.12]
[0.34, 0.1, 0.49, 0.12]
[0.2, 0.07, 0.72, 0.26]
[0.2, 0.07, 0.72, 0.26]
[0.2, 0.07, 0.72, 0.26]
[0.2, 0.07, 0.72, 0.26]
[0.2, 0.07, 0.72, 0.26]
[0.2, 0.07, 0.72, 0.26]
[0.44, 0.49, 0.91, 0.66]
[0.58, 0.26, 0.89, 0.88]
[0.31, 0.32, 0.42, 0.28]
[0.31, 0.32, 0.42, 0.28]
[0.31, 0.32, 0.42, 0.28]
[0.31, 0.32, 0.42, 0.28]
[0.38, 0.38, 0.49, 0.45]
[0.38, 0.38, 0.49, 0.45]
[0.38, 0.38, 0.49, 0.45]
[0.38, 0.38, 0.49, 0.45]
[0.31, 0.32, 0.41, 0.28]
[0.31, 0.32, 0.41, 0.28]
[0.31, 0.32, 0.41, 0.28]
[0.31, 0.32, 0.41, 0.28]
[0.26, 0.38, 0.49, 0.27]
[0.26, 0.38, 0.49, 0.27]
[0.26, 0.38, 0.49, 0.27]
[0.26, 0.38, 0.49, 0.27]
[0.288, 0.32, 0.5, 0.3]
[0.288, 0.32, 0.5, 0.3]
[0.288, 0.32, 0.5, 0.3]
[0.288, 0.32, 0.5, 0.3]
[0.31, 0.88, 0.4, 0.3]
[0.39, 0.79, 0.33, 0.3]
[0.6, 0.66, 0.19, 0.59]
[0.6, 0.66, 0.19, 0.59]
[0.6, 0.66, 0.19, 0.59]
[0.6, 0.66, 0.19, 0.59]
[0.69, 0.61, 0.29, 0.57]
[0.69, 0.61, 0.29, 0.57]
[0.69, 0.61, 0.29, 0.57]
[0.69, 0.61, 0.29, 0.57]
[0.6, 0.77, 0.4, 0.5]
[0.6, 0.77, 0.4, 0.5]
[0.6, 0.77, 0.4, 0.5]
[0.6, 0.77, 0.4, 0.5]
[0.6, 0.6, 0.31, 0.5]
[0.6, 0.6, 0.31, 0.5]
[0.6, 0.6, 0.31, 0.5]
[0.6, 0.6, 0.31, 0.5]
[0.61, 0.71, 0.19, 0.6]
[0.61, 0.71, 0.19, 0.6]
[0.61, 0.71, 0.19, 0.6]
[0.61, 0.71, 0.19, 0.6]
[0.58, 0.6, 0.64, 0.1]
[0.58, 0.6, 0.64, 0.1]
[0.58, 0.6, 0.64, 0.1]
[0.72, 0.72, 0.63, 0.14]
[0.72, 0.72, 0.63, 0.14]
[0.72, 0.72, 0.63, 0.14]
[0.57, 0.59, 0.55, 0.25]
[0.57, 0.59, 0.55, 0.25]
[0.57, 0.59, 0.55, 0.25]
[0.51, 0.55, 0.64, 0.19]
[0.51, 0.55, 0.64, 0.19]
[0.51, 0.55, 0.64, 0.19]
[0.51, 0.02, 0.18, 0.67]
[0.51, 0.02, 0.18, 0.67]
[0.51, 0.02, 0.18, 0.67]
[0.51, 0.02, 0.18, 0.67]
[0.59, 0.29, 0.31, 0.55]
[0.59, 0.29, 0.31, 0.55]
[0.59, 0.29, 0.31, 0.55]
[0.59, 0.29, 0.31, 0.55]
[0.64, 0.22, 0.22, 0.6]
[0.64, 0.22, 0.22, 0.6]
[0.64, 0.22, 0.22, 0.6]
[0.64, 0.22, 0.22, 0.6]
[0.475, 0.13, 0.23, 0.59]
[0.475, 0.13, 0.23, 0.59]
[0.475, 0.13, 0.23, 0.59]
[0.475, 0.13, 0.23, 0.59]
[0.55, 0.15, 0.18, 0.63]
[0.55, 0.15, 0.18, 0.63]
[0.55, 0.15, 0.18, 0.63]
[0.55, 0.15, 0.18, 0.63]
[0.8, 0.67, 0.92, 0.5]
[0.8, 0.67, 0.92, 0.5]
[0.61, 0.71, 0.88, 0.67]
[0.61, 0.71, 0.88, 0.67]
[0.78, 0.69, 0.92, 0.58]
[0.78, 0.69, 0.92, 0.58]
[0.45, 0.28, 0.31, 0.78]
[0.45, 0.28, 0.31, 0.78]
[0.45, 0.28, 0.31, 0.78]
[0.45, 0.28, 0.31, 0.78]
[0.45, 0.28, 0.31, 0.78]
[0.25, 0.38, 0.31, 0.79]
[0.25, 0.38, 0.31, 0.79]
[0.25, 0.38, 0.31, 0.79]
[0.25, 0.38, 0.31, 0.79]
[0.25, 0.38, 0.31, 0.79]
[0.25, 0.295, 0.33, 0.77]
[0.25, 0.295, 0.33, 0.77]
[0.25, 0.295, 0.33, 0.77]
[0.25, 0.295, 0.33, 0.77]
[0.25, 0.295, 0.33, 0.77]
[0.32, 0.31, 0.33, 0.87]
[0.32, 0.31, 0.33, 0.87]
[0.32, 0.31, 0.33, 0.87]
[0.32, 0.31, 0.33, 0.87]
[0.32, 0.31, 0.33, 0.87]
[0.45, 0.27, 0.27, 0.89]
[0.45, 0.27, 0.27, 0.89]
[0.45, 0.27, 0.27, 0.89]
[0.45, 0.27, 0.27, 0.89]
[0.45, 0.27, 0.27, 0.89]
[0.49, 0.34, 0.21, 0.92]
[0.49, 0.34, 0.21, 0.92]
[0.49, 0.34, 0.21, 0.92]
[0.49, 0.34, 0.21, 0.92]
[0.49, 0.34, 0.21, 0.92]
[0.295, 0.75, 0.65, 0.24]
[0.295, 0.75, 0.65, 0.24]
[0.295, 0.75, 0.65, 0.24]
[0.295, 0.75, 0.65, 0.24]
[0.295, 0.75, 0.65, 0.24]
[0.295, 0.75, 0.65, 0.24]
[0.295, 0.75, 0.65, 0.24]
[0.295, 0.75, 0.65, 0.24]
[0.295, 0.75, 0.65, 0.24]
[0.295, 0.75, 0.65, 0.24]
[0.256, 0.7, 0.76, 0.16]
[0.256, 0.7, 0.76, 0.16]
[0.256, 0.7, 0.76, 0.16]
[0.256, 0.7, 0.76, 0.16]
[0.256, 0.7, 0.76, 0.16]
[0.256, 0.7, 0.76, 0.16]
[0.256, 0.7, 0.76, 0.16]
[0.256, 0.7, 0.76, 0.16]
[0.256, 0.7, 0.76, 0.16]
[0.256, 0.7, 0.76, 0.16]
[0.33, 0.61, 0.64, 0.25]
[0.33, 0.61, 0.64, 0.25]
[0.33, 0.61, 0.64, 0.25]
[0.33, 0.61, 0.64, 0.25]
[0.33, 0.61, 0.64, 0.25]
[0.33, 0.61, 0.64, 0.25]
[0.33, 0.61, 0.64, 0.25]
[0.33, 0.61, 0.64, 0.25]
[0.33, 0.61, 0.64, 0.25]
[0.33, 0.61, 0.64, 0.25]
[0.305, 0.86, 0.62, 0.15]
[0.305, 0.86, 0.62, 0.15]
[0.305, 0.86, 0.62, 0.15]
[0.305, 0.86, 0.62, 0.15]
[0.305, 0.86, 0.62, 0.15]
[0.305, 0.86, 0.62, 0.15]
[0.305, 0.86, 0.62, 0.15]
[0.305, 0.86, 0.62, 0.15]
[0.305, 0.86, 0.62, 0.15]
[0.305, 0.86, 0.62, 0.15]
[0.25, 0.73, 0.77, 0.19]
[0.25, 0.73, 0.77, 0.19]
[0.25, 0.73, 0.77, 0.19]
[0.25, 0.73, 0.77, 0.19]
[0.25, 0.73, 0.77, 0.19]
[0.25, 0.73, 0.77, 0.19]
[0.25, 0.73, 0.77, 0.19]
[0.25, 0.73, 0.77, 0.19]
[0.25, 0.73, 0.77, 0.19]
[0.25, 0.73, 0.77, 0.19]
[0.329, 0.83, 0.61, 0.18]
[0.329, 0.83, 0.61, 0.18]
[0.329, 0.83, 0.61, 0.18]
[0.329, 0.83, 0.61, 0.18]
[0.329, 0.83, 0.61, 0.18]
[0.329, 0.83, 0.61, 0.18]
[0.329, 0.83, 0.61, 0.18]
[0.329, 0.83, 0.61, 0.18]
[0.329, 0.83, 0.61, 0.18]
[0.329, 0.83, 0.61, 0.18]
[0.42, 0.58, 0.75, 0.16]
[0.42, 0.58, 0.75, 0.16]
[0.42, 0.58, 0.75, 0.16]
[0.42, 0.58, 0.75, 0.16]
[0.42, 0.58, 0.75, 0.16]
[0.42, 0.58, 0.75, 0.16]
[0.42, 0.58, 0.75, 0.16]
[0.42, 0.58, 0.75, 0.16]
[0.42, 0.58, 0.75, 0.16]
[0.42, 0.58, 0.75, 0.16]
[0.42, 0.83, 0.65, 0.19]
[0.42, 0.83, 0.65, 0.19]
[0.42, 0.83, 0.65, 0.19]
[0.42, 0.83, 0.65, 0.19]
[0.42, 0.83, 0.65, 0.19]
[0.42, 0.83, 0.65, 0.19]
[0.42, 0.83, 0.65, 0.19]
[0.42, 0.83, 0.65, 0.19]
[0.42, 0.83, 0.65, 0.19]
[0.42, 0.83, 0.65, 0.19]
[0.258, 0.56, 0.62, 0.24]
[0.258, 0.56, 0.62, 0.24]
[0.258, 0.56, 0.62, 0.24]
[0.258, 0.56, 0.62, 0.24]
[0.258, 0.56, 0.62, 0.24]
[0.258, 0.56, 0.62, 0.24]
[0.258, 0.56, 0.62, 0.24]
[0.258, 0.56, 0.62, 0.24]
[0.258, 0.56, 0.62, 0.24]
[0.258, 0.56, 0.62, 0.24]
[0.299, 0.73, 0.63, 0.21]
[0.299, 0.73, 0.63, 0.21]
[0.299, 0.73, 0.63, 0.21]
[0.299, 0.73, 0.63, 0.21]
[0.299, 0.73, 0.63, 0.21]
[0.299, 0.73, 0.63, 0.21]
[0.299, 0.73, 0.63, 0.21]
[0.299, 0.73, 0.63, 0.21]
[0.299, 0.73, 0.63, 0.21]
[0.299, 0.73, 0.63, 0.21]
[0.4, 0.73, 0.62, 0.2]
[0.4, 0.73, 0.62, 0.2]
[0.4, 0.73, 0.62, 0.2]
[0.4, 0.73, 0.62, 0.2]
[0.4, 0.73, 0.62, 0.2]
[0.4, 0.73, 0.62, 0.2]
[0.4, 0.73, 0.62, 0.2]
[0.4, 0.73, 0.62, 0.2]
[0.4, 0.73, 0.62, 0.2]
[0.4, 0.73, 0.62, 0.2]
[0.58, 0.76, 0.8, 0.28]
[0.6, 0.72, 0.88, 0.28]

Cohesion: 9.863710216127386

Seperation:  21237.893037637983
user_knowledge

Process finished with exit code 0
